/*--------------------------------*- C++ -*----------------------------------*\
| =========                 |                                                 |
| \\      /  F ield         | OpenFOAM: The Open Source CFD Toolbox           |
|  \\    /   O peration     | Version:  2.2.2                                 |
|   \\  /    A nd           | Web:      www.OpenFOAM.org                      |
|    \\/     M anipulation  |                                                 |
\*---------------------------------------------------------------------------*/
FoamFile
{
    version     2.0;
    format      ascii;
    class       faceList;
    location    "constant/polyMesh";
    object      faces;
}
// * * * * * * * * * * * * * * * * * * * * * * * * * * * * * * * * * * * * * //


174
(
4(1 12 67 56)
4(11 66 67 12)
4(2 13 68 57)
4(12 67 68 13)
4(3 14 69 58)
4(13 68 69 14)
4(4 15 70 59)
4(14 69 70 15)
4(5 16 71 60)
4(15 70 71 16)
4(6 17 72 61)
4(16 71 72 17)
4(7 18 73 62)
4(17 72 73 18)
4(8 19 74 63)
4(18 73 74 19)
4(9 20 75 64)
4(19 74 75 20)
4(20 75 76 21)
4(12 23 78 67)
4(22 77 78 23)
4(13 24 79 68)
4(23 78 79 24)
4(14 25 80 69)
4(24 79 80 25)
4(15 26 81 70)
4(25 80 81 26)
4(16 27 82 71)
4(26 81 82 27)
4(17 28 83 72)
4(27 82 83 28)
4(18 29 84 73)
4(28 83 84 29)
4(19 30 85 74)
4(29 84 85 30)
4(20 31 86 75)
4(30 85 86 31)
4(31 86 87 32)
4(23 34 89 78)
4(33 88 89 34)
4(24 35 90 79)
4(34 89 90 35)
4(25 36 91 80)
4(35 90 91 36)
4(26 37 92 81)
4(36 91 92 37)
4(27 38 93 82)
4(37 92 93 38)
4(28 39 94 83)
4(38 93 94 39)
4(29 40 95 84)
4(39 94 95 40)
4(30 41 96 85)
4(40 95 96 41)
4(31 42 97 86)
4(41 96 97 42)
4(42 97 98 43)
4(34 45 100 89)
4(35 46 101 90)
4(36 47 102 91)
4(37 48 103 92)
4(38 49 104 93)
4(39 50 105 94)
4(40 51 106 95)
4(41 52 107 96)
4(42 53 108 97)
4(44 99 100 45)
4(45 100 101 46)
4(46 101 102 47)
4(47 102 103 48)
4(48 103 104 49)
4(49 104 105 50)
4(50 105 106 51)
4(51 106 107 52)
4(52 107 108 53)
4(53 108 109 54)
4(0 1 56 55)
4(1 2 57 56)
4(2 3 58 57)
4(3 4 59 58)
4(4 5 60 59)
4(5 6 61 60)
4(6 7 62 61)
4(7 8 63 62)
4(8 9 64 63)
4(9 10 65 64)
4(0 55 66 11)
4(11 66 77 22)
4(22 77 88 33)
4(33 88 99 44)
4(10 21 76 65)
4(21 32 87 76)
4(32 43 98 87)
4(43 54 109 98)
4(0 11 12 1)
4(11 22 23 12)
4(22 33 34 23)
4(33 44 45 34)
4(1 12 13 2)
4(12 23 24 13)
4(23 34 35 24)
4(34 45 46 35)
4(2 13 14 3)
4(13 24 25 14)
4(24 35 36 25)
4(35 46 47 36)
4(3 14 15 4)
4(14 25 26 15)
4(25 36 37 26)
4(36 47 48 37)
4(4 15 16 5)
4(15 26 27 16)
4(26 37 38 27)
4(37 48 49 38)
4(5 16 17 6)
4(16 27 28 17)
4(27 38 39 28)
4(38 49 50 39)
4(6 17 18 7)
4(17 28 29 18)
4(28 39 40 29)
4(39 50 51 40)
4(7 18 19 8)
4(18 29 30 19)
4(29 40 41 30)
4(40 51 52 41)
4(8 19 20 9)
4(19 30 31 20)
4(30 41 42 31)
4(41 52 53 42)
4(9 20 21 10)
4(20 31 32 21)
4(31 42 43 32)
4(42 53 54 43)
4(55 56 67 66)
4(66 67 78 77)
4(77 78 89 88)
4(88 89 100 99)
4(56 57 68 67)
4(67 68 79 78)
4(78 79 90 89)
4(89 90 101 100)
4(57 58 69 68)
4(68 69 80 79)
4(79 80 91 90)
4(90 91 102 101)
4(58 59 70 69)
4(69 70 81 80)
4(80 81 92 91)
4(91 92 103 102)
4(59 60 71 70)
4(70 71 82 81)
4(81 82 93 92)
4(92 93 104 103)
4(60 61 72 71)
4(71 72 83 82)
4(82 83 94 93)
4(93 94 105 104)
4(61 62 73 72)
4(72 73 84 83)
4(83 84 95 94)
4(94 95 106 105)
4(62 63 74 73)
4(73 74 85 84)
4(84 85 96 95)
4(95 96 107 106)
4(63 64 75 74)
4(74 75 86 85)
4(85 86 97 96)
4(96 97 108 107)
4(64 65 76 75)
4(75 76 87 86)
4(86 87 98 97)
4(97 98 109 108)
)


// ************************************************************************* //
