/*--------------------------------*- C++ -*----------------------------------*\
| =========                 |                                                 |
| \\      /  F ield         | OpenFOAM: The Open Source CFD Toolbox           |
|  \\    /   O peration     | Version:  2.2.x                                 |
|   \\  /    A nd           | Web:      www.OpenFOAM.org                      |
|    \\/     M anipulation  |                                                 |
\*---------------------------------------------------------------------------*/
FoamFile
{
    version     2.0;
    format      ascii;
    class       labelList;
    note        "nPoints: 21042 nCells: 10000 nFaces: 40520 nInternalFaces: 19480";
    location    "constant/polyMesh";
    object      neighbour;
}
// * * * * * * * * * * * * * * * * * * * * * * * * * * * * * * * * * * * * * //


19480
(
1
500
2
501
3
502
4
503
5
504
6
505
7
506
8
507
9
508
10
509
11
510
12
511
13
512
14
513
15
514
16
515
17
516
18
517
19
518
20
519
21
520
22
521
23
522
24
523
25
524
26
525
27
526
28
527
29
528
30
529
31
530
32
531
33
532
34
533
35
534
36
535
37
536
38
537
39
538
40
539
41
540
42
541
43
542
44
543
45
544
46
545
47
546
48
547
49
548
50
549
51
550
52
551
53
552
54
553
55
554
56
555
57
556
58
557
59
558
60
559
61
560
62
561
63
562
64
563
65
564
66
565
67
566
68
567
69
568
70
569
71
570
72
571
73
572
74
573
75
574
76
575
77
576
78
577
79
578
80
579
81
580
82
581
83
582
84
583
85
584
86
585
87
586
88
587
89
588
90
589
91
590
92
591
93
592
94
593
95
594
96
595
97
596
98
597
99
598
100
599
101
600
102
601
103
602
104
603
105
604
106
605
107
606
108
607
109
608
110
609
111
610
112
611
113
612
114
613
115
614
116
615
117
616
118
617
119
618
120
619
121
620
122
621
123
622
124
623
125
624
126
625
127
626
128
627
129
628
130
629
131
630
132
631
133
632
134
633
135
634
136
635
137
636
138
637
139
638
140
639
141
640
142
641
143
642
144
643
145
644
146
645
147
646
148
647
149
648
150
649
151
650
152
651
153
652
154
653
155
654
156
655
157
656
158
657
159
658
160
659
161
660
162
661
163
662
164
663
165
664
166
665
167
666
168
667
169
668
170
669
171
670
172
671
173
672
174
673
175
674
176
675
177
676
178
677
179
678
180
679
181
680
182
681
183
682
184
683
185
684
186
685
187
686
188
687
189
688
190
689
191
690
192
691
193
692
194
693
195
694
196
695
197
696
198
697
199
698
200
699
201
700
202
701
203
702
204
703
205
704
206
705
207
706
208
707
209
708
210
709
211
710
212
711
213
712
214
713
215
714
216
715
217
716
218
717
219
718
220
719
221
720
222
721
223
722
224
723
225
724
226
725
227
726
228
727
229
728
230
729
231
730
232
731
233
732
234
733
235
734
236
735
237
736
238
737
239
738
240
739
241
740
242
741
243
742
244
743
245
744
246
745
247
746
248
747
249
748
250
749
251
750
252
751
253
752
254
753
255
754
256
755
257
756
258
757
259
758
260
759
261
760
262
761
263
762
264
763
265
764
266
765
267
766
268
767
269
768
270
769
271
770
272
771
273
772
274
773
275
774
276
775
277
776
278
777
279
778
280
779
281
780
282
781
283
782
284
783
285
784
286
785
287
786
288
787
289
788
290
789
291
790
292
791
293
792
294
793
295
794
296
795
297
796
298
797
299
798
300
799
301
800
302
801
303
802
304
803
305
804
306
805
307
806
308
807
309
808
310
809
311
810
312
811
313
812
314
813
315
814
316
815
317
816
318
817
319
818
320
819
321
820
322
821
323
822
324
823
325
824
326
825
327
826
328
827
329
828
330
829
331
830
332
831
333
832
334
833
335
834
336
835
337
836
338
837
339
838
340
839
341
840
342
841
343
842
344
843
345
844
346
845
347
846
348
847
349
848
350
849
351
850
352
851
353
852
354
853
355
854
356
855
357
856
358
857
359
858
360
859
361
860
362
861
363
862
364
863
365
864
366
865
367
866
368
867
369
868
370
869
371
870
372
871
373
872
374
873
375
874
376
875
377
876
378
877
379
878
380
879
381
880
382
881
383
882
384
883
385
884
386
885
387
886
388
887
389
888
390
889
391
890
392
891
393
892
394
893
395
894
396
895
397
896
398
897
399
898
400
899
401
900
402
901
403
902
404
903
405
904
406
905
407
906
408
907
409
908
410
909
411
910
412
911
413
912
414
913
415
914
416
915
417
916
418
917
419
918
420
919
421
920
422
921
423
922
424
923
425
924
426
925
427
926
428
927
429
928
430
929
431
930
432
931
433
932
434
933
435
934
436
935
437
936
438
937
439
938
440
939
441
940
442
941
443
942
444
943
445
944
446
945
447
946
448
947
449
948
450
949
451
950
452
951
453
952
454
953
455
954
456
955
457
956
458
957
459
958
460
959
461
960
462
961
463
962
464
963
465
964
466
965
467
966
468
967
469
968
470
969
471
970
472
971
473
972
474
973
475
974
476
975
477
976
478
977
479
978
480
979
481
980
482
981
483
982
484
983
485
984
486
985
487
986
488
987
489
988
490
989
491
990
492
991
493
992
494
993
495
994
496
995
497
996
498
997
499
998
999
501
1000
502
1001
503
1002
504
1003
505
1004
506
1005
507
1006
508
1007
509
1008
510
1009
511
1010
512
1011
513
1012
514
1013
515
1014
516
1015
517
1016
518
1017
519
1018
520
1019
521
1020
522
1021
523
1022
524
1023
525
1024
526
1025
527
1026
528
1027
529
1028
530
1029
531
1030
532
1031
533
1032
534
1033
535
1034
536
1035
537
1036
538
1037
539
1038
540
1039
541
1040
542
1041
543
1042
544
1043
545
1044
546
1045
547
1046
548
1047
549
1048
550
1049
551
1050
552
1051
553
1052
554
1053
555
1054
556
1055
557
1056
558
1057
559
1058
560
1059
561
1060
562
1061
563
1062
564
1063
565
1064
566
1065
567
1066
568
1067
569
1068
570
1069
571
1070
572
1071
573
1072
574
1073
575
1074
576
1075
577
1076
578
1077
579
1078
580
1079
581
1080
582
1081
583
1082
584
1083
585
1084
586
1085
587
1086
588
1087
589
1088
590
1089
591
1090
592
1091
593
1092
594
1093
595
1094
596
1095
597
1096
598
1097
599
1098
600
1099
601
1100
602
1101
603
1102
604
1103
605
1104
606
1105
607
1106
608
1107
609
1108
610
1109
611
1110
612
1111
613
1112
614
1113
615
1114
616
1115
617
1116
618
1117
619
1118
620
1119
621
1120
622
1121
623
1122
624
1123
625
1124
626
1125
627
1126
628
1127
629
1128
630
1129
631
1130
632
1131
633
1132
634
1133
635
1134
636
1135
637
1136
638
1137
639
1138
640
1139
641
1140
642
1141
643
1142
644
1143
645
1144
646
1145
647
1146
648
1147
649
1148
650
1149
651
1150
652
1151
653
1152
654
1153
655
1154
656
1155
657
1156
658
1157
659
1158
660
1159
661
1160
662
1161
663
1162
664
1163
665
1164
666
1165
667
1166
668
1167
669
1168
670
1169
671
1170
672
1171
673
1172
674
1173
675
1174
676
1175
677
1176
678
1177
679
1178
680
1179
681
1180
682
1181
683
1182
684
1183
685
1184
686
1185
687
1186
688
1187
689
1188
690
1189
691
1190
692
1191
693
1192
694
1193
695
1194
696
1195
697
1196
698
1197
699
1198
700
1199
701
1200
702
1201
703
1202
704
1203
705
1204
706
1205
707
1206
708
1207
709
1208
710
1209
711
1210
712
1211
713
1212
714
1213
715
1214
716
1215
717
1216
718
1217
719
1218
720
1219
721
1220
722
1221
723
1222
724
1223
725
1224
726
1225
727
1226
728
1227
729
1228
730
1229
731
1230
732
1231
733
1232
734
1233
735
1234
736
1235
737
1236
738
1237
739
1238
740
1239
741
1240
742
1241
743
1242
744
1243
745
1244
746
1245
747
1246
748
1247
749
1248
750
1249
751
1250
752
1251
753
1252
754
1253
755
1254
756
1255
757
1256
758
1257
759
1258
760
1259
761
1260
762
1261
763
1262
764
1263
765
1264
766
1265
767
1266
768
1267
769
1268
770
1269
771
1270
772
1271
773
1272
774
1273
775
1274
776
1275
777
1276
778
1277
779
1278
780
1279
781
1280
782
1281
783
1282
784
1283
785
1284
786
1285
787
1286
788
1287
789
1288
790
1289
791
1290
792
1291
793
1292
794
1293
795
1294
796
1295
797
1296
798
1297
799
1298
800
1299
801
1300
802
1301
803
1302
804
1303
805
1304
806
1305
807
1306
808
1307
809
1308
810
1309
811
1310
812
1311
813
1312
814
1313
815
1314
816
1315
817
1316
818
1317
819
1318
820
1319
821
1320
822
1321
823
1322
824
1323
825
1324
826
1325
827
1326
828
1327
829
1328
830
1329
831
1330
832
1331
833
1332
834
1333
835
1334
836
1335
837
1336
838
1337
839
1338
840
1339
841
1340
842
1341
843
1342
844
1343
845
1344
846
1345
847
1346
848
1347
849
1348
850
1349
851
1350
852
1351
853
1352
854
1353
855
1354
856
1355
857
1356
858
1357
859
1358
860
1359
861
1360
862
1361
863
1362
864
1363
865
1364
866
1365
867
1366
868
1367
869
1368
870
1369
871
1370
872
1371
873
1372
874
1373
875
1374
876
1375
877
1376
878
1377
879
1378
880
1379
881
1380
882
1381
883
1382
884
1383
885
1384
886
1385
887
1386
888
1387
889
1388
890
1389
891
1390
892
1391
893
1392
894
1393
895
1394
896
1395
897
1396
898
1397
899
1398
900
1399
901
1400
902
1401
903
1402
904
1403
905
1404
906
1405
907
1406
908
1407
909
1408
910
1409
911
1410
912
1411
913
1412
914
1413
915
1414
916
1415
917
1416
918
1417
919
1418
920
1419
921
1420
922
1421
923
1422
924
1423
925
1424
926
1425
927
1426
928
1427
929
1428
930
1429
931
1430
932
1431
933
1432
934
1433
935
1434
936
1435
937
1436
938
1437
939
1438
940
1439
941
1440
942
1441
943
1442
944
1443
945
1444
946
1445
947
1446
948
1447
949
1448
950
1449
951
1450
952
1451
953
1452
954
1453
955
1454
956
1455
957
1456
958
1457
959
1458
960
1459
961
1460
962
1461
963
1462
964
1463
965
1464
966
1465
967
1466
968
1467
969
1468
970
1469
971
1470
972
1471
973
1472
974
1473
975
1474
976
1475
977
1476
978
1477
979
1478
980
1479
981
1480
982
1481
983
1482
984
1483
985
1484
986
1485
987
1486
988
1487
989
1488
990
1489
991
1490
992
1491
993
1492
994
1493
995
1494
996
1495
997
1496
998
1497
999
1498
1499
1001
1500
1002
1501
1003
1502
1004
1503
1005
1504
1006
1505
1007
1506
1008
1507
1009
1508
1010
1509
1011
1510
1012
1511
1013
1512
1014
1513
1015
1514
1016
1515
1017
1516
1018
1517
1019
1518
1020
1519
1021
1520
1022
1521
1023
1522
1024
1523
1025
1524
1026
1525
1027
1526
1028
1527
1029
1528
1030
1529
1031
1530
1032
1531
1033
1532
1034
1533
1035
1534
1036
1535
1037
1536
1038
1537
1039
1538
1040
1539
1041
1540
1042
1541
1043
1542
1044
1543
1045
1544
1046
1545
1047
1546
1048
1547
1049
1548
1050
1549
1051
1550
1052
1551
1053
1552
1054
1553
1055
1554
1056
1555
1057
1556
1058
1557
1059
1558
1060
1559
1061
1560
1062
1561
1063
1562
1064
1563
1065
1564
1066
1565
1067
1566
1068
1567
1069
1568
1070
1569
1071
1570
1072
1571
1073
1572
1074
1573
1075
1574
1076
1575
1077
1576
1078
1577
1079
1578
1080
1579
1081
1580
1082
1581
1083
1582
1084
1583
1085
1584
1086
1585
1087
1586
1088
1587
1089
1588
1090
1589
1091
1590
1092
1591
1093
1592
1094
1593
1095
1594
1096
1595
1097
1596
1098
1597
1099
1598
1100
1599
1101
1600
1102
1601
1103
1602
1104
1603
1105
1604
1106
1605
1107
1606
1108
1607
1109
1608
1110
1609
1111
1610
1112
1611
1113
1612
1114
1613
1115
1614
1116
1615
1117
1616
1118
1617
1119
1618
1120
1619
1121
1620
1122
1621
1123
1622
1124
1623
1125
1624
1126
1625
1127
1626
1128
1627
1129
1628
1130
1629
1131
1630
1132
1631
1133
1632
1134
1633
1135
1634
1136
1635
1137
1636
1138
1637
1139
1638
1140
1639
1141
1640
1142
1641
1143
1642
1144
1643
1145
1644
1146
1645
1147
1646
1148
1647
1149
1648
1150
1649
1151
1650
1152
1651
1153
1652
1154
1653
1155
1654
1156
1655
1157
1656
1158
1657
1159
1658
1160
1659
1161
1660
1162
1661
1163
1662
1164
1663
1165
1664
1166
1665
1167
1666
1168
1667
1169
1668
1170
1669
1171
1670
1172
1671
1173
1672
1174
1673
1175
1674
1176
1675
1177
1676
1178
1677
1179
1678
1180
1679
1181
1680
1182
1681
1183
1682
1184
1683
1185
1684
1186
1685
1187
1686
1188
1687
1189
1688
1190
1689
1191
1690
1192
1691
1193
1692
1194
1693
1195
1694
1196
1695
1197
1696
1198
1697
1199
1698
1200
1699
1201
1700
1202
1701
1203
1702
1204
1703
1205
1704
1206
1705
1207
1706
1208
1707
1209
1708
1210
1709
1211
1710
1212
1711
1213
1712
1214
1713
1215
1714
1216
1715
1217
1716
1218
1717
1219
1718
1220
1719
1221
1720
1222
1721
1223
1722
1224
1723
1225
1724
1226
1725
1227
1726
1228
1727
1229
1728
1230
1729
1231
1730
1232
1731
1233
1732
1234
1733
1235
1734
1236
1735
1237
1736
1238
1737
1239
1738
1240
1739
1241
1740
1242
1741
1243
1742
1244
1743
1245
1744
1246
1745
1247
1746
1248
1747
1249
1748
1250
1749
1251
1750
1252
1751
1253
1752
1254
1753
1255
1754
1256
1755
1257
1756
1258
1757
1259
1758
1260
1759
1261
1760
1262
1761
1263
1762
1264
1763
1265
1764
1266
1765
1267
1766
1268
1767
1269
1768
1270
1769
1271
1770
1272
1771
1273
1772
1274
1773
1275
1774
1276
1775
1277
1776
1278
1777
1279
1778
1280
1779
1281
1780
1282
1781
1283
1782
1284
1783
1285
1784
1286
1785
1287
1786
1288
1787
1289
1788
1290
1789
1291
1790
1292
1791
1293
1792
1294
1793
1295
1794
1296
1795
1297
1796
1298
1797
1299
1798
1300
1799
1301
1800
1302
1801
1303
1802
1304
1803
1305
1804
1306
1805
1307
1806
1308
1807
1309
1808
1310
1809
1311
1810
1312
1811
1313
1812
1314
1813
1315
1814
1316
1815
1317
1816
1318
1817
1319
1818
1320
1819
1321
1820
1322
1821
1323
1822
1324
1823
1325
1824
1326
1825
1327
1826
1328
1827
1329
1828
1330
1829
1331
1830
1332
1831
1333
1832
1334
1833
1335
1834
1336
1835
1337
1836
1338
1837
1339
1838
1340
1839
1341
1840
1342
1841
1343
1842
1344
1843
1345
1844
1346
1845
1347
1846
1348
1847
1349
1848
1350
1849
1351
1850
1352
1851
1353
1852
1354
1853
1355
1854
1356
1855
1357
1856
1358
1857
1359
1858
1360
1859
1361
1860
1362
1861
1363
1862
1364
1863
1365
1864
1366
1865
1367
1866
1368
1867
1369
1868
1370
1869
1371
1870
1372
1871
1373
1872
1374
1873
1375
1874
1376
1875
1377
1876
1378
1877
1379
1878
1380
1879
1381
1880
1382
1881
1383
1882
1384
1883
1385
1884
1386
1885
1387
1886
1388
1887
1389
1888
1390
1889
1391
1890
1392
1891
1393
1892
1394
1893
1395
1894
1396
1895
1397
1896
1398
1897
1399
1898
1400
1899
1401
1900
1402
1901
1403
1902
1404
1903
1405
1904
1406
1905
1407
1906
1408
1907
1409
1908
1410
1909
1411
1910
1412
1911
1413
1912
1414
1913
1415
1914
1416
1915
1417
1916
1418
1917
1419
1918
1420
1919
1421
1920
1422
1921
1423
1922
1424
1923
1425
1924
1426
1925
1427
1926
1428
1927
1429
1928
1430
1929
1431
1930
1432
1931
1433
1932
1434
1933
1435
1934
1436
1935
1437
1936
1438
1937
1439
1938
1440
1939
1441
1940
1442
1941
1443
1942
1444
1943
1445
1944
1446
1945
1447
1946
1448
1947
1449
1948
1450
1949
1451
1950
1452
1951
1453
1952
1454
1953
1455
1954
1456
1955
1457
1956
1458
1957
1459
1958
1460
1959
1461
1960
1462
1961
1463
1962
1464
1963
1465
1964
1466
1965
1467
1966
1468
1967
1469
1968
1470
1969
1471
1970
1472
1971
1473
1972
1474
1973
1475
1974
1476
1975
1477
1976
1478
1977
1479
1978
1480
1979
1481
1980
1482
1981
1483
1982
1484
1983
1485
1984
1486
1985
1487
1986
1488
1987
1489
1988
1490
1989
1491
1990
1492
1991
1493
1992
1494
1993
1495
1994
1496
1995
1497
1996
1498
1997
1499
1998
1999
1501
2000
1502
2001
1503
2002
1504
2003
1505
2004
1506
2005
1507
2006
1508
2007
1509
2008
1510
2009
1511
2010
1512
2011
1513
2012
1514
2013
1515
2014
1516
2015
1517
2016
1518
2017
1519
2018
1520
2019
1521
2020
1522
2021
1523
2022
1524
2023
1525
2024
1526
2025
1527
2026
1528
2027
1529
2028
1530
2029
1531
2030
1532
2031
1533
2032
1534
2033
1535
2034
1536
2035
1537
2036
1538
2037
1539
2038
1540
2039
1541
2040
1542
2041
1543
2042
1544
2043
1545
2044
1546
2045
1547
2046
1548
2047
1549
2048
1550
2049
1551
2050
1552
2051
1553
2052
1554
2053
1555
2054
1556
2055
1557
2056
1558
2057
1559
2058
1560
2059
1561
2060
1562
2061
1563
2062
1564
2063
1565
2064
1566
2065
1567
2066
1568
2067
1569
2068
1570
2069
1571
2070
1572
2071
1573
2072
1574
2073
1575
2074
1576
2075
1577
2076
1578
2077
1579
2078
1580
2079
1581
2080
1582
2081
1583
2082
1584
2083
1585
2084
1586
2085
1587
2086
1588
2087
1589
2088
1590
2089
1591
2090
1592
2091
1593
2092
1594
2093
1595
2094
1596
2095
1597
2096
1598
2097
1599
2098
1600
2099
1601
2100
1602
2101
1603
2102
1604
2103
1605
2104
1606
2105
1607
2106
1608
2107
1609
2108
1610
2109
1611
2110
1612
2111
1613
2112
1614
2113
1615
2114
1616
2115
1617
2116
1618
2117
1619
2118
1620
2119
1621
2120
1622
2121
1623
2122
1624
2123
1625
2124
1626
2125
1627
2126
1628
2127
1629
2128
1630
2129
1631
2130
1632
2131
1633
2132
1634
2133
1635
2134
1636
2135
1637
2136
1638
2137
1639
2138
1640
2139
1641
2140
1642
2141
1643
2142
1644
2143
1645
2144
1646
2145
1647
2146
1648
2147
1649
2148
1650
2149
1651
2150
1652
2151
1653
2152
1654
2153
1655
2154
1656
2155
1657
2156
1658
2157
1659
2158
1660
2159
1661
2160
1662
2161
1663
2162
1664
2163
1665
2164
1666
2165
1667
2166
1668
2167
1669
2168
1670
2169
1671
2170
1672
2171
1673
2172
1674
2173
1675
2174
1676
2175
1677
2176
1678
2177
1679
2178
1680
2179
1681
2180
1682
2181
1683
2182
1684
2183
1685
2184
1686
2185
1687
2186
1688
2187
1689
2188
1690
2189
1691
2190
1692
2191
1693
2192
1694
2193
1695
2194
1696
2195
1697
2196
1698
2197
1699
2198
1700
2199
1701
2200
1702
2201
1703
2202
1704
2203
1705
2204
1706
2205
1707
2206
1708
2207
1709
2208
1710
2209
1711
2210
1712
2211
1713
2212
1714
2213
1715
2214
1716
2215
1717
2216
1718
2217
1719
2218
1720
2219
1721
2220
1722
2221
1723
2222
1724
2223
1725
2224
1726
2225
1727
2226
1728
2227
1729
2228
1730
2229
1731
2230
1732
2231
1733
2232
1734
2233
1735
2234
1736
2235
1737
2236
1738
2237
1739
2238
1740
2239
1741
2240
1742
2241
1743
2242
1744
2243
1745
2244
1746
2245
1747
2246
1748
2247
1749
2248
1750
2249
1751
2250
1752
2251
1753
2252
1754
2253
1755
2254
1756
2255
1757
2256
1758
2257
1759
2258
1760
2259
1761
2260
1762
2261
1763
2262
1764
2263
1765
2264
1766
2265
1767
2266
1768
2267
1769
2268
1770
2269
1771
2270
1772
2271
1773
2272
1774
2273
1775
2274
1776
2275
1777
2276
1778
2277
1779
2278
1780
2279
1781
2280
1782
2281
1783
2282
1784
2283
1785
2284
1786
2285
1787
2286
1788
2287
1789
2288
1790
2289
1791
2290
1792
2291
1793
2292
1794
2293
1795
2294
1796
2295
1797
2296
1798
2297
1799
2298
1800
2299
1801
2300
1802
2301
1803
2302
1804
2303
1805
2304
1806
2305
1807
2306
1808
2307
1809
2308
1810
2309
1811
2310
1812
2311
1813
2312
1814
2313
1815
2314
1816
2315
1817
2316
1818
2317
1819
2318
1820
2319
1821
2320
1822
2321
1823
2322
1824
2323
1825
2324
1826
2325
1827
2326
1828
2327
1829
2328
1830
2329
1831
2330
1832
2331
1833
2332
1834
2333
1835
2334
1836
2335
1837
2336
1838
2337
1839
2338
1840
2339
1841
2340
1842
2341
1843
2342
1844
2343
1845
2344
1846
2345
1847
2346
1848
2347
1849
2348
1850
2349
1851
2350
1852
2351
1853
2352
1854
2353
1855
2354
1856
2355
1857
2356
1858
2357
1859
2358
1860
2359
1861
2360
1862
2361
1863
2362
1864
2363
1865
2364
1866
2365
1867
2366
1868
2367
1869
2368
1870
2369
1871
2370
1872
2371
1873
2372
1874
2373
1875
2374
1876
2375
1877
2376
1878
2377
1879
2378
1880
2379
1881
2380
1882
2381
1883
2382
1884
2383
1885
2384
1886
2385
1887
2386
1888
2387
1889
2388
1890
2389
1891
2390
1892
2391
1893
2392
1894
2393
1895
2394
1896
2395
1897
2396
1898
2397
1899
2398
1900
2399
1901
2400
1902
2401
1903
2402
1904
2403
1905
2404
1906
2405
1907
2406
1908
2407
1909
2408
1910
2409
1911
2410
1912
2411
1913
2412
1914
2413
1915
2414
1916
2415
1917
2416
1918
2417
1919
2418
1920
2419
1921
2420
1922
2421
1923
2422
1924
2423
1925
2424
1926
2425
1927
2426
1928
2427
1929
2428
1930
2429
1931
2430
1932
2431
1933
2432
1934
2433
1935
2434
1936
2435
1937
2436
1938
2437
1939
2438
1940
2439
1941
2440
1942
2441
1943
2442
1944
2443
1945
2444
1946
2445
1947
2446
1948
2447
1949
2448
1950
2449
1951
2450
1952
2451
1953
2452
1954
2453
1955
2454
1956
2455
1957
2456
1958
2457
1959
2458
1960
2459
1961
2460
1962
2461
1963
2462
1964
2463
1965
2464
1966
2465
1967
2466
1968
2467
1969
2468
1970
2469
1971
2470
1972
2471
1973
2472
1974
2473
1975
2474
1976
2475
1977
2476
1978
2477
1979
2478
1980
2479
1981
2480
1982
2481
1983
2482
1984
2483
1985
2484
1986
2485
1987
2486
1988
2487
1989
2488
1990
2489
1991
2490
1992
2491
1993
2492
1994
2493
1995
2494
1996
2495
1997
2496
1998
2497
1999
2498
2499
2001
2500
2002
2501
2003
2502
2004
2503
2005
2504
2006
2505
2007
2506
2008
2507
2009
2508
2010
2509
2011
2510
2012
2511
2013
2512
2014
2513
2015
2514
2016
2515
2017
2516
2018
2517
2019
2518
2020
2519
2021
2520
2022
2521
2023
2522
2024
2523
2025
2524
2026
2525
2027
2526
2028
2527
2029
2528
2030
2529
2031
2530
2032
2531
2033
2532
2034
2533
2035
2534
2036
2535
2037
2536
2038
2537
2039
2538
2040
2539
2041
2540
2042
2541
2043
2542
2044
2543
2045
2544
2046
2545
2047
2546
2048
2547
2049
2548
2050
2549
2051
2550
2052
2551
2053
2552
2054
2553
2055
2554
2056
2555
2057
2556
2058
2557
2059
2558
2060
2559
2061
2560
2062
2561
2063
2562
2064
2563
2065
2564
2066
2565
2067
2566
2068
2567
2069
2568
2070
2569
2071
2570
2072
2571
2073
2572
2074
2573
2075
2574
2076
2575
2077
2576
2078
2577
2079
2578
2080
2579
2081
2580
2082
2581
2083
2582
2084
2583
2085
2584
2086
2585
2087
2586
2088
2587
2089
2588
2090
2589
2091
2590
2092
2591
2093
2592
2094
2593
2095
2594
2096
2595
2097
2596
2098
2597
2099
2598
2100
2599
2101
2600
2102
2601
2103
2602
2104
2603
2105
2604
2106
2605
2107
2606
2108
2607
2109
2608
2110
2609
2111
2610
2112
2611
2113
2612
2114
2613
2115
2614
2116
2615
2117
2616
2118
2617
2119
2618
2120
2619
2121
2620
2122
2621
2123
2622
2124
2623
2125
2624
2126
2625
2127
2626
2128
2627
2129
2628
2130
2629
2131
2630
2132
2631
2133
2632
2134
2633
2135
2634
2136
2635
2137
2636
2138
2637
2139
2638
2140
2639
2141
2640
2142
2641
2143
2642
2144
2643
2145
2644
2146
2645
2147
2646
2148
2647
2149
2648
2150
2649
2151
2650
2152
2651
2153
2652
2154
2653
2155
2654
2156
2655
2157
2656
2158
2657
2159
2658
2160
2659
2161
2660
2162
2661
2163
2662
2164
2663
2165
2664
2166
2665
2167
2666
2168
2667
2169
2668
2170
2669
2171
2670
2172
2671
2173
2672
2174
2673
2175
2674
2176
2675
2177
2676
2178
2677
2179
2678
2180
2679
2181
2680
2182
2681
2183
2682
2184
2683
2185
2684
2186
2685
2187
2686
2188
2687
2189
2688
2190
2689
2191
2690
2192
2691
2193
2692
2194
2693
2195
2694
2196
2695
2197
2696
2198
2697
2199
2698
2200
2699
2201
2700
2202
2701
2203
2702
2204
2703
2205
2704
2206
2705
2207
2706
2208
2707
2209
2708
2210
2709
2211
2710
2212
2711
2213
2712
2214
2713
2215
2714
2216
2715
2217
2716
2218
2717
2219
2718
2220
2719
2221
2720
2222
2721
2223
2722
2224
2723
2225
2724
2226
2725
2227
2726
2228
2727
2229
2728
2230
2729
2231
2730
2232
2731
2233
2732
2234
2733
2235
2734
2236
2735
2237
2736
2238
2737
2239
2738
2240
2739
2241
2740
2242
2741
2243
2742
2244
2743
2245
2744
2246
2745
2247
2746
2248
2747
2249
2748
2250
2749
2251
2750
2252
2751
2253
2752
2254
2753
2255
2754
2256
2755
2257
2756
2258
2757
2259
2758
2260
2759
2261
2760
2262
2761
2263
2762
2264
2763
2265
2764
2266
2765
2267
2766
2268
2767
2269
2768
2270
2769
2271
2770
2272
2771
2273
2772
2274
2773
2275
2774
2276
2775
2277
2776
2278
2777
2279
2778
2280
2779
2281
2780
2282
2781
2283
2782
2284
2783
2285
2784
2286
2785
2287
2786
2288
2787
2289
2788
2290
2789
2291
2790
2292
2791
2293
2792
2294
2793
2295
2794
2296
2795
2297
2796
2298
2797
2299
2798
2300
2799
2301
2800
2302
2801
2303
2802
2304
2803
2305
2804
2306
2805
2307
2806
2308
2807
2309
2808
2310
2809
2311
2810
2312
2811
2313
2812
2314
2813
2315
2814
2316
2815
2317
2816
2318
2817
2319
2818
2320
2819
2321
2820
2322
2821
2323
2822
2324
2823
2325
2824
2326
2825
2327
2826
2328
2827
2329
2828
2330
2829
2331
2830
2332
2831
2333
2832
2334
2833
2335
2834
2336
2835
2337
2836
2338
2837
2339
2838
2340
2839
2341
2840
2342
2841
2343
2842
2344
2843
2345
2844
2346
2845
2347
2846
2348
2847
2349
2848
2350
2849
2351
2850
2352
2851
2353
2852
2354
2853
2355
2854
2356
2855
2357
2856
2358
2857
2359
2858
2360
2859
2361
2860
2362
2861
2363
2862
2364
2863
2365
2864
2366
2865
2367
2866
2368
2867
2369
2868
2370
2869
2371
2870
2372
2871
2373
2872
2374
2873
2375
2874
2376
2875
2377
2876
2378
2877
2379
2878
2380
2879
2381
2880
2382
2881
2383
2882
2384
2883
2385
2884
2386
2885
2387
2886
2388
2887
2389
2888
2390
2889
2391
2890
2392
2891
2393
2892
2394
2893
2395
2894
2396
2895
2397
2896
2398
2897
2399
2898
2400
2899
2401
2900
2402
2901
2403
2902
2404
2903
2405
2904
2406
2905
2407
2906
2408
2907
2409
2908
2410
2909
2411
2910
2412
2911
2413
2912
2414
2913
2415
2914
2416
2915
2417
2916
2418
2917
2419
2918
2420
2919
2421
2920
2422
2921
2423
2922
2424
2923
2425
2924
2426
2925
2427
2926
2428
2927
2429
2928
2430
2929
2431
2930
2432
2931
2433
2932
2434
2933
2435
2934
2436
2935
2437
2936
2438
2937
2439
2938
2440
2939
2441
2940
2442
2941
2443
2942
2444
2943
2445
2944
2446
2945
2447
2946
2448
2947
2449
2948
2450
2949
2451
2950
2452
2951
2453
2952
2454
2953
2455
2954
2456
2955
2457
2956
2458
2957
2459
2958
2460
2959
2461
2960
2462
2961
2463
2962
2464
2963
2465
2964
2466
2965
2467
2966
2468
2967
2469
2968
2470
2969
2471
2970
2472
2971
2473
2972
2474
2973
2475
2974
2476
2975
2477
2976
2478
2977
2479
2978
2480
2979
2481
2980
2482
2981
2483
2982
2484
2983
2485
2984
2486
2985
2487
2986
2488
2987
2489
2988
2490
2989
2491
2990
2492
2991
2493
2992
2494
2993
2495
2994
2496
2995
2497
2996
2498
2997
2499
2998
2999
2501
3000
2502
3001
2503
3002
2504
3003
2505
3004
2506
3005
2507
3006
2508
3007
2509
3008
2510
3009
2511
3010
2512
3011
2513
3012
2514
3013
2515
3014
2516
3015
2517
3016
2518
3017
2519
3018
2520
3019
2521
3020
2522
3021
2523
3022
2524
3023
2525
3024
2526
3025
2527
3026
2528
3027
2529
3028
2530
3029
2531
3030
2532
3031
2533
3032
2534
3033
2535
3034
2536
3035
2537
3036
2538
3037
2539
3038
2540
3039
2541
3040
2542
3041
2543
3042
2544
3043
2545
3044
2546
3045
2547
3046
2548
3047
2549
3048
2550
3049
2551
3050
2552
3051
2553
3052
2554
3053
2555
3054
2556
3055
2557
3056
2558
3057
2559
3058
2560
3059
2561
3060
2562
3061
2563
3062
2564
3063
2565
3064
2566
3065
2567
3066
2568
3067
2569
3068
2570
3069
2571
3070
2572
3071
2573
3072
2574
3073
2575
3074
2576
3075
2577
3076
2578
3077
2579
3078
2580
3079
2581
3080
2582
3081
2583
3082
2584
3083
2585
3084
2586
3085
2587
3086
2588
3087
2589
3088
2590
3089
2591
3090
2592
3091
2593
3092
2594
3093
2595
3094
2596
3095
2597
3096
2598
3097
2599
3098
2600
3099
2601
3100
2602
3101
2603
3102
2604
3103
2605
3104
2606
3105
2607
3106
2608
3107
2609
3108
2610
3109
2611
3110
2612
3111
2613
3112
2614
3113
2615
3114
2616
3115
2617
3116
2618
3117
2619
3118
2620
3119
2621
3120
2622
3121
2623
3122
2624
3123
2625
3124
2626
3125
2627
3126
2628
3127
2629
3128
2630
3129
2631
3130
2632
3131
2633
3132
2634
3133
2635
3134
2636
3135
2637
3136
2638
3137
2639
3138
2640
3139
2641
3140
2642
3141
2643
3142
2644
3143
2645
3144
2646
3145
2647
3146
2648
3147
2649
3148
2650
3149
2651
3150
2652
3151
2653
3152
2654
3153
2655
3154
2656
3155
2657
3156
2658
3157
2659
3158
2660
3159
2661
3160
2662
3161
2663
3162
2664
3163
2665
3164
2666
3165
2667
3166
2668
3167
2669
3168
2670
3169
2671
3170
2672
3171
2673
3172
2674
3173
2675
3174
2676
3175
2677
3176
2678
3177
2679
3178
2680
3179
2681
3180
2682
3181
2683
3182
2684
3183
2685
3184
2686
3185
2687
3186
2688
3187
2689
3188
2690
3189
2691
3190
2692
3191
2693
3192
2694
3193
2695
3194
2696
3195
2697
3196
2698
3197
2699
3198
2700
3199
2701
3200
2702
3201
2703
3202
2704
3203
2705
3204
2706
3205
2707
3206
2708
3207
2709
3208
2710
3209
2711
3210
2712
3211
2713
3212
2714
3213
2715
3214
2716
3215
2717
3216
2718
3217
2719
3218
2720
3219
2721
3220
2722
3221
2723
3222
2724
3223
2725
3224
2726
3225
2727
3226
2728
3227
2729
3228
2730
3229
2731
3230
2732
3231
2733
3232
2734
3233
2735
3234
2736
3235
2737
3236
2738
3237
2739
3238
2740
3239
2741
3240
2742
3241
2743
3242
2744
3243
2745
3244
2746
3245
2747
3246
2748
3247
2749
3248
2750
3249
2751
3250
2752
3251
2753
3252
2754
3253
2755
3254
2756
3255
2757
3256
2758
3257
2759
3258
2760
3259
2761
3260
2762
3261
2763
3262
2764
3263
2765
3264
2766
3265
2767
3266
2768
3267
2769
3268
2770
3269
2771
3270
2772
3271
2773
3272
2774
3273
2775
3274
2776
3275
2777
3276
2778
3277
2779
3278
2780
3279
2781
3280
2782
3281
2783
3282
2784
3283
2785
3284
2786
3285
2787
3286
2788
3287
2789
3288
2790
3289
2791
3290
2792
3291
2793
3292
2794
3293
2795
3294
2796
3295
2797
3296
2798
3297
2799
3298
2800
3299
2801
3300
2802
3301
2803
3302
2804
3303
2805
3304
2806
3305
2807
3306
2808
3307
2809
3308
2810
3309
2811
3310
2812
3311
2813
3312
2814
3313
2815
3314
2816
3315
2817
3316
2818
3317
2819
3318
2820
3319
2821
3320
2822
3321
2823
3322
2824
3323
2825
3324
2826
3325
2827
3326
2828
3327
2829
3328
2830
3329
2831
3330
2832
3331
2833
3332
2834
3333
2835
3334
2836
3335
2837
3336
2838
3337
2839
3338
2840
3339
2841
3340
2842
3341
2843
3342
2844
3343
2845
3344
2846
3345
2847
3346
2848
3347
2849
3348
2850
3349
2851
3350
2852
3351
2853
3352
2854
3353
2855
3354
2856
3355
2857
3356
2858
3357
2859
3358
2860
3359
2861
3360
2862
3361
2863
3362
2864
3363
2865
3364
2866
3365
2867
3366
2868
3367
2869
3368
2870
3369
2871
3370
2872
3371
2873
3372
2874
3373
2875
3374
2876
3375
2877
3376
2878
3377
2879
3378
2880
3379
2881
3380
2882
3381
2883
3382
2884
3383
2885
3384
2886
3385
2887
3386
2888
3387
2889
3388
2890
3389
2891
3390
2892
3391
2893
3392
2894
3393
2895
3394
2896
3395
2897
3396
2898
3397
2899
3398
2900
3399
2901
3400
2902
3401
2903
3402
2904
3403
2905
3404
2906
3405
2907
3406
2908
3407
2909
3408
2910
3409
2911
3410
2912
3411
2913
3412
2914
3413
2915
3414
2916
3415
2917
3416
2918
3417
2919
3418
2920
3419
2921
3420
2922
3421
2923
3422
2924
3423
2925
3424
2926
3425
2927
3426
2928
3427
2929
3428
2930
3429
2931
3430
2932
3431
2933
3432
2934
3433
2935
3434
2936
3435
2937
3436
2938
3437
2939
3438
2940
3439
2941
3440
2942
3441
2943
3442
2944
3443
2945
3444
2946
3445
2947
3446
2948
3447
2949
3448
2950
3449
2951
3450
2952
3451
2953
3452
2954
3453
2955
3454
2956
3455
2957
3456
2958
3457
2959
3458
2960
3459
2961
3460
2962
3461
2963
3462
2964
3463
2965
3464
2966
3465
2967
3466
2968
3467
2969
3468
2970
3469
2971
3470
2972
3471
2973
3472
2974
3473
2975
3474
2976
3475
2977
3476
2978
3477
2979
3478
2980
3479
2981
3480
2982
3481
2983
3482
2984
3483
2985
3484
2986
3485
2987
3486
2988
3487
2989
3488
2990
3489
2991
3490
2992
3491
2993
3492
2994
3493
2995
3494
2996
3495
2997
3496
2998
3497
2999
3498
3499
3001
3500
3002
3501
3003
3502
3004
3503
3005
3504
3006
3505
3007
3506
3008
3507
3009
3508
3010
3509
3011
3510
3012
3511
3013
3512
3014
3513
3015
3514
3016
3515
3017
3516
3018
3517
3019
3518
3020
3519
3021
3520
3022
3521
3023
3522
3024
3523
3025
3524
3026
3525
3027
3526
3028
3527
3029
3528
3030
3529
3031
3530
3032
3531
3033
3532
3034
3533
3035
3534
3036
3535
3037
3536
3038
3537
3039
3538
3040
3539
3041
3540
3042
3541
3043
3542
3044
3543
3045
3544
3046
3545
3047
3546
3048
3547
3049
3548
3050
3549
3051
3550
3052
3551
3053
3552
3054
3553
3055
3554
3056
3555
3057
3556
3058
3557
3059
3558
3060
3559
3061
3560
3062
3561
3063
3562
3064
3563
3065
3564
3066
3565
3067
3566
3068
3567
3069
3568
3070
3569
3071
3570
3072
3571
3073
3572
3074
3573
3075
3574
3076
3575
3077
3576
3078
3577
3079
3578
3080
3579
3081
3580
3082
3581
3083
3582
3084
3583
3085
3584
3086
3585
3087
3586
3088
3587
3089
3588
3090
3589
3091
3590
3092
3591
3093
3592
3094
3593
3095
3594
3096
3595
3097
3596
3098
3597
3099
3598
3100
3599
3101
3600
3102
3601
3103
3602
3104
3603
3105
3604
3106
3605
3107
3606
3108
3607
3109
3608
3110
3609
3111
3610
3112
3611
3113
3612
3114
3613
3115
3614
3116
3615
3117
3616
3118
3617
3119
3618
3120
3619
3121
3620
3122
3621
3123
3622
3124
3623
3125
3624
3126
3625
3127
3626
3128
3627
3129
3628
3130
3629
3131
3630
3132
3631
3133
3632
3134
3633
3135
3634
3136
3635
3137
3636
3138
3637
3139
3638
3140
3639
3141
3640
3142
3641
3143
3642
3144
3643
3145
3644
3146
3645
3147
3646
3148
3647
3149
3648
3150
3649
3151
3650
3152
3651
3153
3652
3154
3653
3155
3654
3156
3655
3157
3656
3158
3657
3159
3658
3160
3659
3161
3660
3162
3661
3163
3662
3164
3663
3165
3664
3166
3665
3167
3666
3168
3667
3169
3668
3170
3669
3171
3670
3172
3671
3173
3672
3174
3673
3175
3674
3176
3675
3177
3676
3178
3677
3179
3678
3180
3679
3181
3680
3182
3681
3183
3682
3184
3683
3185
3684
3186
3685
3187
3686
3188
3687
3189
3688
3190
3689
3191
3690
3192
3691
3193
3692
3194
3693
3195
3694
3196
3695
3197
3696
3198
3697
3199
3698
3200
3699
3201
3700
3202
3701
3203
3702
3204
3703
3205
3704
3206
3705
3207
3706
3208
3707
3209
3708
3210
3709
3211
3710
3212
3711
3213
3712
3214
3713
3215
3714
3216
3715
3217
3716
3218
3717
3219
3718
3220
3719
3221
3720
3222
3721
3223
3722
3224
3723
3225
3724
3226
3725
3227
3726
3228
3727
3229
3728
3230
3729
3231
3730
3232
3731
3233
3732
3234
3733
3235
3734
3236
3735
3237
3736
3238
3737
3239
3738
3240
3739
3241
3740
3242
3741
3243
3742
3244
3743
3245
3744
3246
3745
3247
3746
3248
3747
3249
3748
3250
3749
3251
3750
3252
3751
3253
3752
3254
3753
3255
3754
3256
3755
3257
3756
3258
3757
3259
3758
3260
3759
3261
3760
3262
3761
3263
3762
3264
3763
3265
3764
3266
3765
3267
3766
3268
3767
3269
3768
3270
3769
3271
3770
3272
3771
3273
3772
3274
3773
3275
3774
3276
3775
3277
3776
3278
3777
3279
3778
3280
3779
3281
3780
3282
3781
3283
3782
3284
3783
3285
3784
3286
3785
3287
3786
3288
3787
3289
3788
3290
3789
3291
3790
3292
3791
3293
3792
3294
3793
3295
3794
3296
3795
3297
3796
3298
3797
3299
3798
3300
3799
3301
3800
3302
3801
3303
3802
3304
3803
3305
3804
3306
3805
3307
3806
3308
3807
3309
3808
3310
3809
3311
3810
3312
3811
3313
3812
3314
3813
3315
3814
3316
3815
3317
3816
3318
3817
3319
3818
3320
3819
3321
3820
3322
3821
3323
3822
3324
3823
3325
3824
3326
3825
3327
3826
3328
3827
3329
3828
3330
3829
3331
3830
3332
3831
3333
3832
3334
3833
3335
3834
3336
3835
3337
3836
3338
3837
3339
3838
3340
3839
3341
3840
3342
3841
3343
3842
3344
3843
3345
3844
3346
3845
3347
3846
3348
3847
3349
3848
3350
3849
3351
3850
3352
3851
3353
3852
3354
3853
3355
3854
3356
3855
3357
3856
3358
3857
3359
3858
3360
3859
3361
3860
3362
3861
3363
3862
3364
3863
3365
3864
3366
3865
3367
3866
3368
3867
3369
3868
3370
3869
3371
3870
3372
3871
3373
3872
3374
3873
3375
3874
3376
3875
3377
3876
3378
3877
3379
3878
3380
3879
3381
3880
3382
3881
3383
3882
3384
3883
3385
3884
3386
3885
3387
3886
3388
3887
3389
3888
3390
3889
3391
3890
3392
3891
3393
3892
3394
3893
3395
3894
3396
3895
3397
3896
3398
3897
3399
3898
3400
3899
3401
3900
3402
3901
3403
3902
3404
3903
3405
3904
3406
3905
3407
3906
3408
3907
3409
3908
3410
3909
3411
3910
3412
3911
3413
3912
3414
3913
3415
3914
3416
3915
3417
3916
3418
3917
3419
3918
3420
3919
3421
3920
3422
3921
3423
3922
3424
3923
3425
3924
3426
3925
3427
3926
3428
3927
3429
3928
3430
3929
3431
3930
3432
3931
3433
3932
3434
3933
3435
3934
3436
3935
3437
3936
3438
3937
3439
3938
3440
3939
3441
3940
3442
3941
3443
3942
3444
3943
3445
3944
3446
3945
3447
3946
3448
3947
3449
3948
3450
3949
3451
3950
3452
3951
3453
3952
3454
3953
3455
3954
3456
3955
3457
3956
3458
3957
3459
3958
3460
3959
3461
3960
3462
3961
3463
3962
3464
3963
3465
3964
3466
3965
3467
3966
3468
3967
3469
3968
3470
3969
3471
3970
3472
3971
3473
3972
3474
3973
3475
3974
3476
3975
3477
3976
3478
3977
3479
3978
3480
3979
3481
3980
3482
3981
3483
3982
3484
3983
3485
3984
3486
3985
3487
3986
3488
3987
3489
3988
3490
3989
3491
3990
3492
3991
3493
3992
3494
3993
3495
3994
3496
3995
3497
3996
3498
3997
3499
3998
3999
3501
4000
3502
4001
3503
4002
3504
4003
3505
4004
3506
4005
3507
4006
3508
4007
3509
4008
3510
4009
3511
4010
3512
4011
3513
4012
3514
4013
3515
4014
3516
4015
3517
4016
3518
4017
3519
4018
3520
4019
3521
4020
3522
4021
3523
4022
3524
4023
3525
4024
3526
4025
3527
4026
3528
4027
3529
4028
3530
4029
3531
4030
3532
4031
3533
4032
3534
4033
3535
4034
3536
4035
3537
4036
3538
4037
3539
4038
3540
4039
3541
4040
3542
4041
3543
4042
3544
4043
3545
4044
3546
4045
3547
4046
3548
4047
3549
4048
3550
4049
3551
4050
3552
4051
3553
4052
3554
4053
3555
4054
3556
4055
3557
4056
3558
4057
3559
4058
3560
4059
3561
4060
3562
4061
3563
4062
3564
4063
3565
4064
3566
4065
3567
4066
3568
4067
3569
4068
3570
4069
3571
4070
3572
4071
3573
4072
3574
4073
3575
4074
3576
4075
3577
4076
3578
4077
3579
4078
3580
4079
3581
4080
3582
4081
3583
4082
3584
4083
3585
4084
3586
4085
3587
4086
3588
4087
3589
4088
3590
4089
3591
4090
3592
4091
3593
4092
3594
4093
3595
4094
3596
4095
3597
4096
3598
4097
3599
4098
3600
4099
3601
4100
3602
4101
3603
4102
3604
4103
3605
4104
3606
4105
3607
4106
3608
4107
3609
4108
3610
4109
3611
4110
3612
4111
3613
4112
3614
4113
3615
4114
3616
4115
3617
4116
3618
4117
3619
4118
3620
4119
3621
4120
3622
4121
3623
4122
3624
4123
3625
4124
3626
4125
3627
4126
3628
4127
3629
4128
3630
4129
3631
4130
3632
4131
3633
4132
3634
4133
3635
4134
3636
4135
3637
4136
3638
4137
3639
4138
3640
4139
3641
4140
3642
4141
3643
4142
3644
4143
3645
4144
3646
4145
3647
4146
3648
4147
3649
4148
3650
4149
3651
4150
3652
4151
3653
4152
3654
4153
3655
4154
3656
4155
3657
4156
3658
4157
3659
4158
3660
4159
3661
4160
3662
4161
3663
4162
3664
4163
3665
4164
3666
4165
3667
4166
3668
4167
3669
4168
3670
4169
3671
4170
3672
4171
3673
4172
3674
4173
3675
4174
3676
4175
3677
4176
3678
4177
3679
4178
3680
4179
3681
4180
3682
4181
3683
4182
3684
4183
3685
4184
3686
4185
3687
4186
3688
4187
3689
4188
3690
4189
3691
4190
3692
4191
3693
4192
3694
4193
3695
4194
3696
4195
3697
4196
3698
4197
3699
4198
3700
4199
3701
4200
3702
4201
3703
4202
3704
4203
3705
4204
3706
4205
3707
4206
3708
4207
3709
4208
3710
4209
3711
4210
3712
4211
3713
4212
3714
4213
3715
4214
3716
4215
3717
4216
3718
4217
3719
4218
3720
4219
3721
4220
3722
4221
3723
4222
3724
4223
3725
4224
3726
4225
3727
4226
3728
4227
3729
4228
3730
4229
3731
4230
3732
4231
3733
4232
3734
4233
3735
4234
3736
4235
3737
4236
3738
4237
3739
4238
3740
4239
3741
4240
3742
4241
3743
4242
3744
4243
3745
4244
3746
4245
3747
4246
3748
4247
3749
4248
3750
4249
3751
4250
3752
4251
3753
4252
3754
4253
3755
4254
3756
4255
3757
4256
3758
4257
3759
4258
3760
4259
3761
4260
3762
4261
3763
4262
3764
4263
3765
4264
3766
4265
3767
4266
3768
4267
3769
4268
3770
4269
3771
4270
3772
4271
3773
4272
3774
4273
3775
4274
3776
4275
3777
4276
3778
4277
3779
4278
3780
4279
3781
4280
3782
4281
3783
4282
3784
4283
3785
4284
3786
4285
3787
4286
3788
4287
3789
4288
3790
4289
3791
4290
3792
4291
3793
4292
3794
4293
3795
4294
3796
4295
3797
4296
3798
4297
3799
4298
3800
4299
3801
4300
3802
4301
3803
4302
3804
4303
3805
4304
3806
4305
3807
4306
3808
4307
3809
4308
3810
4309
3811
4310
3812
4311
3813
4312
3814
4313
3815
4314
3816
4315
3817
4316
3818
4317
3819
4318
3820
4319
3821
4320
3822
4321
3823
4322
3824
4323
3825
4324
3826
4325
3827
4326
3828
4327
3829
4328
3830
4329
3831
4330
3832
4331
3833
4332
3834
4333
3835
4334
3836
4335
3837
4336
3838
4337
3839
4338
3840
4339
3841
4340
3842
4341
3843
4342
3844
4343
3845
4344
3846
4345
3847
4346
3848
4347
3849
4348
3850
4349
3851
4350
3852
4351
3853
4352
3854
4353
3855
4354
3856
4355
3857
4356
3858
4357
3859
4358
3860
4359
3861
4360
3862
4361
3863
4362
3864
4363
3865
4364
3866
4365
3867
4366
3868
4367
3869
4368
3870
4369
3871
4370
3872
4371
3873
4372
3874
4373
3875
4374
3876
4375
3877
4376
3878
4377
3879
4378
3880
4379
3881
4380
3882
4381
3883
4382
3884
4383
3885
4384
3886
4385
3887
4386
3888
4387
3889
4388
3890
4389
3891
4390
3892
4391
3893
4392
3894
4393
3895
4394
3896
4395
3897
4396
3898
4397
3899
4398
3900
4399
3901
4400
3902
4401
3903
4402
3904
4403
3905
4404
3906
4405
3907
4406
3908
4407
3909
4408
3910
4409
3911
4410
3912
4411
3913
4412
3914
4413
3915
4414
3916
4415
3917
4416
3918
4417
3919
4418
3920
4419
3921
4420
3922
4421
3923
4422
3924
4423
3925
4424
3926
4425
3927
4426
3928
4427
3929
4428
3930
4429
3931
4430
3932
4431
3933
4432
3934
4433
3935
4434
3936
4435
3937
4436
3938
4437
3939
4438
3940
4439
3941
4440
3942
4441
3943
4442
3944
4443
3945
4444
3946
4445
3947
4446
3948
4447
3949
4448
3950
4449
3951
4450
3952
4451
3953
4452
3954
4453
3955
4454
3956
4455
3957
4456
3958
4457
3959
4458
3960
4459
3961
4460
3962
4461
3963
4462
3964
4463
3965
4464
3966
4465
3967
4466
3968
4467
3969
4468
3970
4469
3971
4470
3972
4471
3973
4472
3974
4473
3975
4474
3976
4475
3977
4476
3978
4477
3979
4478
3980
4479
3981
4480
3982
4481
3983
4482
3984
4483
3985
4484
3986
4485
3987
4486
3988
4487
3989
4488
3990
4489
3991
4490
3992
4491
3993
4492
3994
4493
3995
4494
3996
4495
3997
4496
3998
4497
3999
4498
4499
4001
4500
4002
4501
4003
4502
4004
4503
4005
4504
4006
4505
4007
4506
4008
4507
4009
4508
4010
4509
4011
4510
4012
4511
4013
4512
4014
4513
4015
4514
4016
4515
4017
4516
4018
4517
4019
4518
4020
4519
4021
4520
4022
4521
4023
4522
4024
4523
4025
4524
4026
4525
4027
4526
4028
4527
4029
4528
4030
4529
4031
4530
4032
4531
4033
4532
4034
4533
4035
4534
4036
4535
4037
4536
4038
4537
4039
4538
4040
4539
4041
4540
4042
4541
4043
4542
4044
4543
4045
4544
4046
4545
4047
4546
4048
4547
4049
4548
4050
4549
4051
4550
4052
4551
4053
4552
4054
4553
4055
4554
4056
4555
4057
4556
4058
4557
4059
4558
4060
4559
4061
4560
4062
4561
4063
4562
4064
4563
4065
4564
4066
4565
4067
4566
4068
4567
4069
4568
4070
4569
4071
4570
4072
4571
4073
4572
4074
4573
4075
4574
4076
4575
4077
4576
4078
4577
4079
4578
4080
4579
4081
4580
4082
4581
4083
4582
4084
4583
4085
4584
4086
4585
4087
4586
4088
4587
4089
4588
4090
4589
4091
4590
4092
4591
4093
4592
4094
4593
4095
4594
4096
4595
4097
4596
4098
4597
4099
4598
4100
4599
4101
4600
4102
4601
4103
4602
4104
4603
4105
4604
4106
4605
4107
4606
4108
4607
4109
4608
4110
4609
4111
4610
4112
4611
4113
4612
4114
4613
4115
4614
4116
4615
4117
4616
4118
4617
4119
4618
4120
4619
4121
4620
4122
4621
4123
4622
4124
4623
4125
4624
4126
4625
4127
4626
4128
4627
4129
4628
4130
4629
4131
4630
4132
4631
4133
4632
4134
4633
4135
4634
4136
4635
4137
4636
4138
4637
4139
4638
4140
4639
4141
4640
4142
4641
4143
4642
4144
4643
4145
4644
4146
4645
4147
4646
4148
4647
4149
4648
4150
4649
4151
4650
4152
4651
4153
4652
4154
4653
4155
4654
4156
4655
4157
4656
4158
4657
4159
4658
4160
4659
4161
4660
4162
4661
4163
4662
4164
4663
4165
4664
4166
4665
4167
4666
4168
4667
4169
4668
4170
4669
4171
4670
4172
4671
4173
4672
4174
4673
4175
4674
4176
4675
4177
4676
4178
4677
4179
4678
4180
4679
4181
4680
4182
4681
4183
4682
4184
4683
4185
4684
4186
4685
4187
4686
4188
4687
4189
4688
4190
4689
4191
4690
4192
4691
4193
4692
4194
4693
4195
4694
4196
4695
4197
4696
4198
4697
4199
4698
4200
4699
4201
4700
4202
4701
4203
4702
4204
4703
4205
4704
4206
4705
4207
4706
4208
4707
4209
4708
4210
4709
4211
4710
4212
4711
4213
4712
4214
4713
4215
4714
4216
4715
4217
4716
4218
4717
4219
4718
4220
4719
4221
4720
4222
4721
4223
4722
4224
4723
4225
4724
4226
4725
4227
4726
4228
4727
4229
4728
4230
4729
4231
4730
4232
4731
4233
4732
4234
4733
4235
4734
4236
4735
4237
4736
4238
4737
4239
4738
4240
4739
4241
4740
4242
4741
4243
4742
4244
4743
4245
4744
4246
4745
4247
4746
4248
4747
4249
4748
4250
4749
4251
4750
4252
4751
4253
4752
4254
4753
4255
4754
4256
4755
4257
4756
4258
4757
4259
4758
4260
4759
4261
4760
4262
4761
4263
4762
4264
4763
4265
4764
4266
4765
4267
4766
4268
4767
4269
4768
4270
4769
4271
4770
4272
4771
4273
4772
4274
4773
4275
4774
4276
4775
4277
4776
4278
4777
4279
4778
4280
4779
4281
4780
4282
4781
4283
4782
4284
4783
4285
4784
4286
4785
4287
4786
4288
4787
4289
4788
4290
4789
4291
4790
4292
4791
4293
4792
4294
4793
4295
4794
4296
4795
4297
4796
4298
4797
4299
4798
4300
4799
4301
4800
4302
4801
4303
4802
4304
4803
4305
4804
4306
4805
4307
4806
4308
4807
4309
4808
4310
4809
4311
4810
4312
4811
4313
4812
4314
4813
4315
4814
4316
4815
4317
4816
4318
4817
4319
4818
4320
4819
4321
4820
4322
4821
4323
4822
4324
4823
4325
4824
4326
4825
4327
4826
4328
4827
4329
4828
4330
4829
4331
4830
4332
4831
4333
4832
4334
4833
4335
4834
4336
4835
4337
4836
4338
4837
4339
4838
4340
4839
4341
4840
4342
4841
4343
4842
4344
4843
4345
4844
4346
4845
4347
4846
4348
4847
4349
4848
4350
4849
4351
4850
4352
4851
4353
4852
4354
4853
4355
4854
4356
4855
4357
4856
4358
4857
4359
4858
4360
4859
4361
4860
4362
4861
4363
4862
4364
4863
4365
4864
4366
4865
4367
4866
4368
4867
4369
4868
4370
4869
4371
4870
4372
4871
4373
4872
4374
4873
4375
4874
4376
4875
4377
4876
4378
4877
4379
4878
4380
4879
4381
4880
4382
4881
4383
4882
4384
4883
4385
4884
4386
4885
4387
4886
4388
4887
4389
4888
4390
4889
4391
4890
4392
4891
4393
4892
4394
4893
4395
4894
4396
4895
4397
4896
4398
4897
4399
4898
4400
4899
4401
4900
4402
4901
4403
4902
4404
4903
4405
4904
4406
4905
4407
4906
4408
4907
4409
4908
4410
4909
4411
4910
4412
4911
4413
4912
4414
4913
4415
4914
4416
4915
4417
4916
4418
4917
4419
4918
4420
4919
4421
4920
4422
4921
4423
4922
4424
4923
4425
4924
4426
4925
4427
4926
4428
4927
4429
4928
4430
4929
4431
4930
4432
4931
4433
4932
4434
4933
4435
4934
4436
4935
4437
4936
4438
4937
4439
4938
4440
4939
4441
4940
4442
4941
4443
4942
4444
4943
4445
4944
4446
4945
4447
4946
4448
4947
4449
4948
4450
4949
4451
4950
4452
4951
4453
4952
4454
4953
4455
4954
4456
4955
4457
4956
4458
4957
4459
4958
4460
4959
4461
4960
4462
4961
4463
4962
4464
4963
4465
4964
4466
4965
4467
4966
4468
4967
4469
4968
4470
4969
4471
4970
4472
4971
4473
4972
4474
4973
4475
4974
4476
4975
4477
4976
4478
4977
4479
4978
4480
4979
4481
4980
4482
4981
4483
4982
4484
4983
4485
4984
4486
4985
4487
4986
4488
4987
4489
4988
4490
4989
4491
4990
4492
4991
4493
4992
4494
4993
4495
4994
4496
4995
4497
4996
4498
4997
4499
4998
4999
4501
5000
4502
5001
4503
5002
4504
5003
4505
5004
4506
5005
4507
5006
4508
5007
4509
5008
4510
5009
4511
5010
4512
5011
4513
5012
4514
5013
4515
5014
4516
5015
4517
5016
4518
5017
4519
5018
4520
5019
4521
5020
4522
5021
4523
5022
4524
5023
4525
5024
4526
5025
4527
5026
4528
5027
4529
5028
4530
5029
4531
5030
4532
5031
4533
5032
4534
5033
4535
5034
4536
5035
4537
5036
4538
5037
4539
5038
4540
5039
4541
5040
4542
5041
4543
5042
4544
5043
4545
5044
4546
5045
4547
5046
4548
5047
4549
5048
4550
5049
4551
5050
4552
5051
4553
5052
4554
5053
4555
5054
4556
5055
4557
5056
4558
5057
4559
5058
4560
5059
4561
5060
4562
5061
4563
5062
4564
5063
4565
5064
4566
5065
4567
5066
4568
5067
4569
5068
4570
5069
4571
5070
4572
5071
4573
5072
4574
5073
4575
5074
4576
5075
4577
5076
4578
5077
4579
5078
4580
5079
4581
5080
4582
5081
4583
5082
4584
5083
4585
5084
4586
5085
4587
5086
4588
5087
4589
5088
4590
5089
4591
5090
4592
5091
4593
5092
4594
5093
4595
5094
4596
5095
4597
5096
4598
5097
4599
5098
4600
5099
4601
5100
4602
5101
4603
5102
4604
5103
4605
5104
4606
5105
4607
5106
4608
5107
4609
5108
4610
5109
4611
5110
4612
5111
4613
5112
4614
5113
4615
5114
4616
5115
4617
5116
4618
5117
4619
5118
4620
5119
4621
5120
4622
5121
4623
5122
4624
5123
4625
5124
4626
5125
4627
5126
4628
5127
4629
5128
4630
5129
4631
5130
4632
5131
4633
5132
4634
5133
4635
5134
4636
5135
4637
5136
4638
5137
4639
5138
4640
5139
4641
5140
4642
5141
4643
5142
4644
5143
4645
5144
4646
5145
4647
5146
4648
5147
4649
5148
4650
5149
4651
5150
4652
5151
4653
5152
4654
5153
4655
5154
4656
5155
4657
5156
4658
5157
4659
5158
4660
5159
4661
5160
4662
5161
4663
5162
4664
5163
4665
5164
4666
5165
4667
5166
4668
5167
4669
5168
4670
5169
4671
5170
4672
5171
4673
5172
4674
5173
4675
5174
4676
5175
4677
5176
4678
5177
4679
5178
4680
5179
4681
5180
4682
5181
4683
5182
4684
5183
4685
5184
4686
5185
4687
5186
4688
5187
4689
5188
4690
5189
4691
5190
4692
5191
4693
5192
4694
5193
4695
5194
4696
5195
4697
5196
4698
5197
4699
5198
4700
5199
4701
5200
4702
5201
4703
5202
4704
5203
4705
5204
4706
5205
4707
5206
4708
5207
4709
5208
4710
5209
4711
5210
4712
5211
4713
5212
4714
5213
4715
5214
4716
5215
4717
5216
4718
5217
4719
5218
4720
5219
4721
5220
4722
5221
4723
5222
4724
5223
4725
5224
4726
5225
4727
5226
4728
5227
4729
5228
4730
5229
4731
5230
4732
5231
4733
5232
4734
5233
4735
5234
4736
5235
4737
5236
4738
5237
4739
5238
4740
5239
4741
5240
4742
5241
4743
5242
4744
5243
4745
5244
4746
5245
4747
5246
4748
5247
4749
5248
4750
5249
4751
5250
4752
5251
4753
5252
4754
5253
4755
5254
4756
5255
4757
5256
4758
5257
4759
5258
4760
5259
4761
5260
4762
5261
4763
5262
4764
5263
4765
5264
4766
5265
4767
5266
4768
5267
4769
5268
4770
5269
4771
5270
4772
5271
4773
5272
4774
5273
4775
5274
4776
5275
4777
5276
4778
5277
4779
5278
4780
5279
4781
5280
4782
5281
4783
5282
4784
5283
4785
5284
4786
5285
4787
5286
4788
5287
4789
5288
4790
5289
4791
5290
4792
5291
4793
5292
4794
5293
4795
5294
4796
5295
4797
5296
4798
5297
4799
5298
4800
5299
4801
5300
4802
5301
4803
5302
4804
5303
4805
5304
4806
5305
4807
5306
4808
5307
4809
5308
4810
5309
4811
5310
4812
5311
4813
5312
4814
5313
4815
5314
4816
5315
4817
5316
4818
5317
4819
5318
4820
5319
4821
5320
4822
5321
4823
5322
4824
5323
4825
5324
4826
5325
4827
5326
4828
5327
4829
5328
4830
5329
4831
5330
4832
5331
4833
5332
4834
5333
4835
5334
4836
5335
4837
5336
4838
5337
4839
5338
4840
5339
4841
5340
4842
5341
4843
5342
4844
5343
4845
5344
4846
5345
4847
5346
4848
5347
4849
5348
4850
5349
4851
5350
4852
5351
4853
5352
4854
5353
4855
5354
4856
5355
4857
5356
4858
5357
4859
5358
4860
5359
4861
5360
4862
5361
4863
5362
4864
5363
4865
5364
4866
5365
4867
5366
4868
5367
4869
5368
4870
5369
4871
5370
4872
5371
4873
5372
4874
5373
4875
5374
4876
5375
4877
5376
4878
5377
4879
5378
4880
5379
4881
5380
4882
5381
4883
5382
4884
5383
4885
5384
4886
5385
4887
5386
4888
5387
4889
5388
4890
5389
4891
5390
4892
5391
4893
5392
4894
5393
4895
5394
4896
5395
4897
5396
4898
5397
4899
5398
4900
5399
4901
5400
4902
5401
4903
5402
4904
5403
4905
5404
4906
5405
4907
5406
4908
5407
4909
5408
4910
5409
4911
5410
4912
5411
4913
5412
4914
5413
4915
5414
4916
5415
4917
5416
4918
5417
4919
5418
4920
5419
4921
5420
4922
5421
4923
5422
4924
5423
4925
5424
4926
5425
4927
5426
4928
5427
4929
5428
4930
5429
4931
5430
4932
5431
4933
5432
4934
5433
4935
5434
4936
5435
4937
5436
4938
5437
4939
5438
4940
5439
4941
5440
4942
5441
4943
5442
4944
5443
4945
5444
4946
5445
4947
5446
4948
5447
4949
5448
4950
5449
4951
5450
4952
5451
4953
5452
4954
5453
4955
5454
4956
5455
4957
5456
4958
5457
4959
5458
4960
5459
4961
5460
4962
5461
4963
5462
4964
5463
4965
5464
4966
5465
4967
5466
4968
5467
4969
5468
4970
5469
4971
5470
4972
5471
4973
5472
4974
5473
4975
5474
4976
5475
4977
5476
4978
5477
4979
5478
4980
5479
4981
5480
4982
5481
4983
5482
4984
5483
4985
5484
4986
5485
4987
5486
4988
5487
4989
5488
4990
5489
4991
5490
4992
5491
4993
5492
4994
5493
4995
5494
4996
5495
4997
5496
4998
5497
4999
5498
5499
5001
5500
5002
5501
5003
5502
5004
5503
5005
5504
5006
5505
5007
5506
5008
5507
5009
5508
5010
5509
5011
5510
5012
5511
5013
5512
5014
5513
5015
5514
5016
5515
5017
5516
5018
5517
5019
5518
5020
5519
5021
5520
5022
5521
5023
5522
5024
5523
5025
5524
5026
5525
5027
5526
5028
5527
5029
5528
5030
5529
5031
5530
5032
5531
5033
5532
5034
5533
5035
5534
5036
5535
5037
5536
5038
5537
5039
5538
5040
5539
5041
5540
5042
5541
5043
5542
5044
5543
5045
5544
5046
5545
5047
5546
5048
5547
5049
5548
5050
5549
5051
5550
5052
5551
5053
5552
5054
5553
5055
5554
5056
5555
5057
5556
5058
5557
5059
5558
5060
5559
5061
5560
5062
5561
5063
5562
5064
5563
5065
5564
5066
5565
5067
5566
5068
5567
5069
5568
5070
5569
5071
5570
5072
5571
5073
5572
5074
5573
5075
5574
5076
5575
5077
5576
5078
5577
5079
5578
5080
5579
5081
5580
5082
5581
5083
5582
5084
5583
5085
5584
5086
5585
5087
5586
5088
5587
5089
5588
5090
5589
5091
5590
5092
5591
5093
5592
5094
5593
5095
5594
5096
5595
5097
5596
5098
5597
5099
5598
5100
5599
5101
5600
5102
5601
5103
5602
5104
5603
5105
5604
5106
5605
5107
5606
5108
5607
5109
5608
5110
5609
5111
5610
5112
5611
5113
5612
5114
5613
5115
5614
5116
5615
5117
5616
5118
5617
5119
5618
5120
5619
5121
5620
5122
5621
5123
5622
5124
5623
5125
5624
5126
5625
5127
5626
5128
5627
5129
5628
5130
5629
5131
5630
5132
5631
5133
5632
5134
5633
5135
5634
5136
5635
5137
5636
5138
5637
5139
5638
5140
5639
5141
5640
5142
5641
5143
5642
5144
5643
5145
5644
5146
5645
5147
5646
5148
5647
5149
5648
5150
5649
5151
5650
5152
5651
5153
5652
5154
5653
5155
5654
5156
5655
5157
5656
5158
5657
5159
5658
5160
5659
5161
5660
5162
5661
5163
5662
5164
5663
5165
5664
5166
5665
5167
5666
5168
5667
5169
5668
5170
5669
5171
5670
5172
5671
5173
5672
5174
5673
5175
5674
5176
5675
5177
5676
5178
5677
5179
5678
5180
5679
5181
5680
5182
5681
5183
5682
5184
5683
5185
5684
5186
5685
5187
5686
5188
5687
5189
5688
5190
5689
5191
5690
5192
5691
5193
5692
5194
5693
5195
5694
5196
5695
5197
5696
5198
5697
5199
5698
5200
5699
5201
5700
5202
5701
5203
5702
5204
5703
5205
5704
5206
5705
5207
5706
5208
5707
5209
5708
5210
5709
5211
5710
5212
5711
5213
5712
5214
5713
5215
5714
5216
5715
5217
5716
5218
5717
5219
5718
5220
5719
5221
5720
5222
5721
5223
5722
5224
5723
5225
5724
5226
5725
5227
5726
5228
5727
5229
5728
5230
5729
5231
5730
5232
5731
5233
5732
5234
5733
5235
5734
5236
5735
5237
5736
5238
5737
5239
5738
5240
5739
5241
5740
5242
5741
5243
5742
5244
5743
5245
5744
5246
5745
5247
5746
5248
5747
5249
5748
5250
5749
5251
5750
5252
5751
5253
5752
5254
5753
5255
5754
5256
5755
5257
5756
5258
5757
5259
5758
5260
5759
5261
5760
5262
5761
5263
5762
5264
5763
5265
5764
5266
5765
5267
5766
5268
5767
5269
5768
5270
5769
5271
5770
5272
5771
5273
5772
5274
5773
5275
5774
5276
5775
5277
5776
5278
5777
5279
5778
5280
5779
5281
5780
5282
5781
5283
5782
5284
5783
5285
5784
5286
5785
5287
5786
5288
5787
5289
5788
5290
5789
5291
5790
5292
5791
5293
5792
5294
5793
5295
5794
5296
5795
5297
5796
5298
5797
5299
5798
5300
5799
5301
5800
5302
5801
5303
5802
5304
5803
5305
5804
5306
5805
5307
5806
5308
5807
5309
5808
5310
5809
5311
5810
5312
5811
5313
5812
5314
5813
5315
5814
5316
5815
5317
5816
5318
5817
5319
5818
5320
5819
5321
5820
5322
5821
5323
5822
5324
5823
5325
5824
5326
5825
5327
5826
5328
5827
5329
5828
5330
5829
5331
5830
5332
5831
5333
5832
5334
5833
5335
5834
5336
5835
5337
5836
5338
5837
5339
5838
5340
5839
5341
5840
5342
5841
5343
5842
5344
5843
5345
5844
5346
5845
5347
5846
5348
5847
5349
5848
5350
5849
5351
5850
5352
5851
5353
5852
5354
5853
5355
5854
5356
5855
5357
5856
5358
5857
5359
5858
5360
5859
5361
5860
5362
5861
5363
5862
5364
5863
5365
5864
5366
5865
5367
5866
5368
5867
5369
5868
5370
5869
5371
5870
5372
5871
5373
5872
5374
5873
5375
5874
5376
5875
5377
5876
5378
5877
5379
5878
5380
5879
5381
5880
5382
5881
5383
5882
5384
5883
5385
5884
5386
5885
5387
5886
5388
5887
5389
5888
5390
5889
5391
5890
5392
5891
5393
5892
5394
5893
5395
5894
5396
5895
5397
5896
5398
5897
5399
5898
5400
5899
5401
5900
5402
5901
5403
5902
5404
5903
5405
5904
5406
5905
5407
5906
5408
5907
5409
5908
5410
5909
5411
5910
5412
5911
5413
5912
5414
5913
5415
5914
5416
5915
5417
5916
5418
5917
5419
5918
5420
5919
5421
5920
5422
5921
5423
5922
5424
5923
5425
5924
5426
5925
5427
5926
5428
5927
5429
5928
5430
5929
5431
5930
5432
5931
5433
5932
5434
5933
5435
5934
5436
5935
5437
5936
5438
5937
5439
5938
5440
5939
5441
5940
5442
5941
5443
5942
5444
5943
5445
5944
5446
5945
5447
5946
5448
5947
5449
5948
5450
5949
5451
5950
5452
5951
5453
5952
5454
5953
5455
5954
5456
5955
5457
5956
5458
5957
5459
5958
5460
5959
5461
5960
5462
5961
5463
5962
5464
5963
5465
5964
5466
5965
5467
5966
5468
5967
5469
5968
5470
5969
5471
5970
5472
5971
5473
5972
5474
5973
5475
5974
5476
5975
5477
5976
5478
5977
5479
5978
5480
5979
5481
5980
5482
5981
5483
5982
5484
5983
5485
5984
5486
5985
5487
5986
5488
5987
5489
5988
5490
5989
5491
5990
5492
5991
5493
5992
5494
5993
5495
5994
5496
5995
5497
5996
5498
5997
5499
5998
5999
5501
6000
5502
6001
5503
6002
5504
6003
5505
6004
5506
6005
5507
6006
5508
6007
5509
6008
5510
6009
5511
6010
5512
6011
5513
6012
5514
6013
5515
6014
5516
6015
5517
6016
5518
6017
5519
6018
5520
6019
5521
6020
5522
6021
5523
6022
5524
6023
5525
6024
5526
6025
5527
6026
5528
6027
5529
6028
5530
6029
5531
6030
5532
6031
5533
6032
5534
6033
5535
6034
5536
6035
5537
6036
5538
6037
5539
6038
5540
6039
5541
6040
5542
6041
5543
6042
5544
6043
5545
6044
5546
6045
5547
6046
5548
6047
5549
6048
5550
6049
5551
6050
5552
6051
5553
6052
5554
6053
5555
6054
5556
6055
5557
6056
5558
6057
5559
6058
5560
6059
5561
6060
5562
6061
5563
6062
5564
6063
5565
6064
5566
6065
5567
6066
5568
6067
5569
6068
5570
6069
5571
6070
5572
6071
5573
6072
5574
6073
5575
6074
5576
6075
5577
6076
5578
6077
5579
6078
5580
6079
5581
6080
5582
6081
5583
6082
5584
6083
5585
6084
5586
6085
5587
6086
5588
6087
5589
6088
5590
6089
5591
6090
5592
6091
5593
6092
5594
6093
5595
6094
5596
6095
5597
6096
5598
6097
5599
6098
5600
6099
5601
6100
5602
6101
5603
6102
5604
6103
5605
6104
5606
6105
5607
6106
5608
6107
5609
6108
5610
6109
5611
6110
5612
6111
5613
6112
5614
6113
5615
6114
5616
6115
5617
6116
5618
6117
5619
6118
5620
6119
5621
6120
5622
6121
5623
6122
5624
6123
5625
6124
5626
6125
5627
6126
5628
6127
5629
6128
5630
6129
5631
6130
5632
6131
5633
6132
5634
6133
5635
6134
5636
6135
5637
6136
5638
6137
5639
6138
5640
6139
5641
6140
5642
6141
5643
6142
5644
6143
5645
6144
5646
6145
5647
6146
5648
6147
5649
6148
5650
6149
5651
6150
5652
6151
5653
6152
5654
6153
5655
6154
5656
6155
5657
6156
5658
6157
5659
6158
5660
6159
5661
6160
5662
6161
5663
6162
5664
6163
5665
6164
5666
6165
5667
6166
5668
6167
5669
6168
5670
6169
5671
6170
5672
6171
5673
6172
5674
6173
5675
6174
5676
6175
5677
6176
5678
6177
5679
6178
5680
6179
5681
6180
5682
6181
5683
6182
5684
6183
5685
6184
5686
6185
5687
6186
5688
6187
5689
6188
5690
6189
5691
6190
5692
6191
5693
6192
5694
6193
5695
6194
5696
6195
5697
6196
5698
6197
5699
6198
5700
6199
5701
6200
5702
6201
5703
6202
5704
6203
5705
6204
5706
6205
5707
6206
5708
6207
5709
6208
5710
6209
5711
6210
5712
6211
5713
6212
5714
6213
5715
6214
5716
6215
5717
6216
5718
6217
5719
6218
5720
6219
5721
6220
5722
6221
5723
6222
5724
6223
5725
6224
5726
6225
5727
6226
5728
6227
5729
6228
5730
6229
5731
6230
5732
6231
5733
6232
5734
6233
5735
6234
5736
6235
5737
6236
5738
6237
5739
6238
5740
6239
5741
6240
5742
6241
5743
6242
5744
6243
5745
6244
5746
6245
5747
6246
5748
6247
5749
6248
5750
6249
5751
6250
5752
6251
5753
6252
5754
6253
5755
6254
5756
6255
5757
6256
5758
6257
5759
6258
5760
6259
5761
6260
5762
6261
5763
6262
5764
6263
5765
6264
5766
6265
5767
6266
5768
6267
5769
6268
5770
6269
5771
6270
5772
6271
5773
6272
5774
6273
5775
6274
5776
6275
5777
6276
5778
6277
5779
6278
5780
6279
5781
6280
5782
6281
5783
6282
5784
6283
5785
6284
5786
6285
5787
6286
5788
6287
5789
6288
5790
6289
5791
6290
5792
6291
5793
6292
5794
6293
5795
6294
5796
6295
5797
6296
5798
6297
5799
6298
5800
6299
5801
6300
5802
6301
5803
6302
5804
6303
5805
6304
5806
6305
5807
6306
5808
6307
5809
6308
5810
6309
5811
6310
5812
6311
5813
6312
5814
6313
5815
6314
5816
6315
5817
6316
5818
6317
5819
6318
5820
6319
5821
6320
5822
6321
5823
6322
5824
6323
5825
6324
5826
6325
5827
6326
5828
6327
5829
6328
5830
6329
5831
6330
5832
6331
5833
6332
5834
6333
5835
6334
5836
6335
5837
6336
5838
6337
5839
6338
5840
6339
5841
6340
5842
6341
5843
6342
5844
6343
5845
6344
5846
6345
5847
6346
5848
6347
5849
6348
5850
6349
5851
6350
5852
6351
5853
6352
5854
6353
5855
6354
5856
6355
5857
6356
5858
6357
5859
6358
5860
6359
5861
6360
5862
6361
5863
6362
5864
6363
5865
6364
5866
6365
5867
6366
5868
6367
5869
6368
5870
6369
5871
6370
5872
6371
5873
6372
5874
6373
5875
6374
5876
6375
5877
6376
5878
6377
5879
6378
5880
6379
5881
6380
5882
6381
5883
6382
5884
6383
5885
6384
5886
6385
5887
6386
5888
6387
5889
6388
5890
6389
5891
6390
5892
6391
5893
6392
5894
6393
5895
6394
5896
6395
5897
6396
5898
6397
5899
6398
5900
6399
5901
6400
5902
6401
5903
6402
5904
6403
5905
6404
5906
6405
5907
6406
5908
6407
5909
6408
5910
6409
5911
6410
5912
6411
5913
6412
5914
6413
5915
6414
5916
6415
5917
6416
5918
6417
5919
6418
5920
6419
5921
6420
5922
6421
5923
6422
5924
6423
5925
6424
5926
6425
5927
6426
5928
6427
5929
6428
5930
6429
5931
6430
5932
6431
5933
6432
5934
6433
5935
6434
5936
6435
5937
6436
5938
6437
5939
6438
5940
6439
5941
6440
5942
6441
5943
6442
5944
6443
5945
6444
5946
6445
5947
6446
5948
6447
5949
6448
5950
6449
5951
6450
5952
6451
5953
6452
5954
6453
5955
6454
5956
6455
5957
6456
5958
6457
5959
6458
5960
6459
5961
6460
5962
6461
5963
6462
5964
6463
5965
6464
5966
6465
5967
6466
5968
6467
5969
6468
5970
6469
5971
6470
5972
6471
5973
6472
5974
6473
5975
6474
5976
6475
5977
6476
5978
6477
5979
6478
5980
6479
5981
6480
5982
6481
5983
6482
5984
6483
5985
6484
5986
6485
5987
6486
5988
6487
5989
6488
5990
6489
5991
6490
5992
6491
5993
6492
5994
6493
5995
6494
5996
6495
5997
6496
5998
6497
5999
6498
6499
6001
6500
6002
6501
6003
6502
6004
6503
6005
6504
6006
6505
6007
6506
6008
6507
6009
6508
6010
6509
6011
6510
6012
6511
6013
6512
6014
6513
6015
6514
6016
6515
6017
6516
6018
6517
6019
6518
6020
6519
6021
6520
6022
6521
6023
6522
6024
6523
6025
6524
6026
6525
6027
6526
6028
6527
6029
6528
6030
6529
6031
6530
6032
6531
6033
6532
6034
6533
6035
6534
6036
6535
6037
6536
6038
6537
6039
6538
6040
6539
6041
6540
6042
6541
6043
6542
6044
6543
6045
6544
6046
6545
6047
6546
6048
6547
6049
6548
6050
6549
6051
6550
6052
6551
6053
6552
6054
6553
6055
6554
6056
6555
6057
6556
6058
6557
6059
6558
6060
6559
6061
6560
6062
6561
6063
6562
6064
6563
6065
6564
6066
6565
6067
6566
6068
6567
6069
6568
6070
6569
6071
6570
6072
6571
6073
6572
6074
6573
6075
6574
6076
6575
6077
6576
6078
6577
6079
6578
6080
6579
6081
6580
6082
6581
6083
6582
6084
6583
6085
6584
6086
6585
6087
6586
6088
6587
6089
6588
6090
6589
6091
6590
6092
6591
6093
6592
6094
6593
6095
6594
6096
6595
6097
6596
6098
6597
6099
6598
6100
6599
6101
6600
6102
6601
6103
6602
6104
6603
6105
6604
6106
6605
6107
6606
6108
6607
6109
6608
6110
6609
6111
6610
6112
6611
6113
6612
6114
6613
6115
6614
6116
6615
6117
6616
6118
6617
6119
6618
6120
6619
6121
6620
6122
6621
6123
6622
6124
6623
6125
6624
6126
6625
6127
6626
6128
6627
6129
6628
6130
6629
6131
6630
6132
6631
6133
6632
6134
6633
6135
6634
6136
6635
6137
6636
6138
6637
6139
6638
6140
6639
6141
6640
6142
6641
6143
6642
6144
6643
6145
6644
6146
6645
6147
6646
6148
6647
6149
6648
6150
6649
6151
6650
6152
6651
6153
6652
6154
6653
6155
6654
6156
6655
6157
6656
6158
6657
6159
6658
6160
6659
6161
6660
6162
6661
6163
6662
6164
6663
6165
6664
6166
6665
6167
6666
6168
6667
6169
6668
6170
6669
6171
6670
6172
6671
6173
6672
6174
6673
6175
6674
6176
6675
6177
6676
6178
6677
6179
6678
6180
6679
6181
6680
6182
6681
6183
6682
6184
6683
6185
6684
6186
6685
6187
6686
6188
6687
6189
6688
6190
6689
6191
6690
6192
6691
6193
6692
6194
6693
6195
6694
6196
6695
6197
6696
6198
6697
6199
6698
6200
6699
6201
6700
6202
6701
6203
6702
6204
6703
6205
6704
6206
6705
6207
6706
6208
6707
6209
6708
6210
6709
6211
6710
6212
6711
6213
6712
6214
6713
6215
6714
6216
6715
6217
6716
6218
6717
6219
6718
6220
6719
6221
6720
6222
6721
6223
6722
6224
6723
6225
6724
6226
6725
6227
6726
6228
6727
6229
6728
6230
6729
6231
6730
6232
6731
6233
6732
6234
6733
6235
6734
6236
6735
6237
6736
6238
6737
6239
6738
6240
6739
6241
6740
6242
6741
6243
6742
6244
6743
6245
6744
6246
6745
6247
6746
6248
6747
6249
6748
6250
6749
6251
6750
6252
6751
6253
6752
6254
6753
6255
6754
6256
6755
6257
6756
6258
6757
6259
6758
6260
6759
6261
6760
6262
6761
6263
6762
6264
6763
6265
6764
6266
6765
6267
6766
6268
6767
6269
6768
6270
6769
6271
6770
6272
6771
6273
6772
6274
6773
6275
6774
6276
6775
6277
6776
6278
6777
6279
6778
6280
6779
6281
6780
6282
6781
6283
6782
6284
6783
6285
6784
6286
6785
6287
6786
6288
6787
6289
6788
6290
6789
6291
6790
6292
6791
6293
6792
6294
6793
6295
6794
6296
6795
6297
6796
6298
6797
6299
6798
6300
6799
6301
6800
6302
6801
6303
6802
6304
6803
6305
6804
6306
6805
6307
6806
6308
6807
6309
6808
6310
6809
6311
6810
6312
6811
6313
6812
6314
6813
6315
6814
6316
6815
6317
6816
6318
6817
6319
6818
6320
6819
6321
6820
6322
6821
6323
6822
6324
6823
6325
6824
6326
6825
6327
6826
6328
6827
6329
6828
6330
6829
6331
6830
6332
6831
6333
6832
6334
6833
6335
6834
6336
6835
6337
6836
6338
6837
6339
6838
6340
6839
6341
6840
6342
6841
6343
6842
6344
6843
6345
6844
6346
6845
6347
6846
6348
6847
6349
6848
6350
6849
6351
6850
6352
6851
6353
6852
6354
6853
6355
6854
6356
6855
6357
6856
6358
6857
6359
6858
6360
6859
6361
6860
6362
6861
6363
6862
6364
6863
6365
6864
6366
6865
6367
6866
6368
6867
6369
6868
6370
6869
6371
6870
6372
6871
6373
6872
6374
6873
6375
6874
6376
6875
6377
6876
6378
6877
6379
6878
6380
6879
6381
6880
6382
6881
6383
6882
6384
6883
6385
6884
6386
6885
6387
6886
6388
6887
6389
6888
6390
6889
6391
6890
6392
6891
6393
6892
6394
6893
6395
6894
6396
6895
6397
6896
6398
6897
6399
6898
6400
6899
6401
6900
6402
6901
6403
6902
6404
6903
6405
6904
6406
6905
6407
6906
6408
6907
6409
6908
6410
6909
6411
6910
6412
6911
6413
6912
6414
6913
6415
6914
6416
6915
6417
6916
6418
6917
6419
6918
6420
6919
6421
6920
6422
6921
6423
6922
6424
6923
6425
6924
6426
6925
6427
6926
6428
6927
6429
6928
6430
6929
6431
6930
6432
6931
6433
6932
6434
6933
6435
6934
6436
6935
6437
6936
6438
6937
6439
6938
6440
6939
6441
6940
6442
6941
6443
6942
6444
6943
6445
6944
6446
6945
6447
6946
6448
6947
6449
6948
6450
6949
6451
6950
6452
6951
6453
6952
6454
6953
6455
6954
6456
6955
6457
6956
6458
6957
6459
6958
6460
6959
6461
6960
6462
6961
6463
6962
6464
6963
6465
6964
6466
6965
6467
6966
6468
6967
6469
6968
6470
6969
6471
6970
6472
6971
6473
6972
6474
6973
6475
6974
6476
6975
6477
6976
6478
6977
6479
6978
6480
6979
6481
6980
6482
6981
6483
6982
6484
6983
6485
6984
6486
6985
6487
6986
6488
6987
6489
6988
6490
6989
6491
6990
6492
6991
6493
6992
6494
6993
6495
6994
6496
6995
6497
6996
6498
6997
6499
6998
6999
6501
7000
6502
7001
6503
7002
6504
7003
6505
7004
6506
7005
6507
7006
6508
7007
6509
7008
6510
7009
6511
7010
6512
7011
6513
7012
6514
7013
6515
7014
6516
7015
6517
7016
6518
7017
6519
7018
6520
7019
6521
7020
6522
7021
6523
7022
6524
7023
6525
7024
6526
7025
6527
7026
6528
7027
6529
7028
6530
7029
6531
7030
6532
7031
6533
7032
6534
7033
6535
7034
6536
7035
6537
7036
6538
7037
6539
7038
6540
7039
6541
7040
6542
7041
6543
7042
6544
7043
6545
7044
6546
7045
6547
7046
6548
7047
6549
7048
6550
7049
6551
7050
6552
7051
6553
7052
6554
7053
6555
7054
6556
7055
6557
7056
6558
7057
6559
7058
6560
7059
6561
7060
6562
7061
6563
7062
6564
7063
6565
7064
6566
7065
6567
7066
6568
7067
6569
7068
6570
7069
6571
7070
6572
7071
6573
7072
6574
7073
6575
7074
6576
7075
6577
7076
6578
7077
6579
7078
6580
7079
6581
7080
6582
7081
6583
7082
6584
7083
6585
7084
6586
7085
6587
7086
6588
7087
6589
7088
6590
7089
6591
7090
6592
7091
6593
7092
6594
7093
6595
7094
6596
7095
6597
7096
6598
7097
6599
7098
6600
7099
6601
7100
6602
7101
6603
7102
6604
7103
6605
7104
6606
7105
6607
7106
6608
7107
6609
7108
6610
7109
6611
7110
6612
7111
6613
7112
6614
7113
6615
7114
6616
7115
6617
7116
6618
7117
6619
7118
6620
7119
6621
7120
6622
7121
6623
7122
6624
7123
6625
7124
6626
7125
6627
7126
6628
7127
6629
7128
6630
7129
6631
7130
6632
7131
6633
7132
6634
7133
6635
7134
6636
7135
6637
7136
6638
7137
6639
7138
6640
7139
6641
7140
6642
7141
6643
7142
6644
7143
6645
7144
6646
7145
6647
7146
6648
7147
6649
7148
6650
7149
6651
7150
6652
7151
6653
7152
6654
7153
6655
7154
6656
7155
6657
7156
6658
7157
6659
7158
6660
7159
6661
7160
6662
7161
6663
7162
6664
7163
6665
7164
6666
7165
6667
7166
6668
7167
6669
7168
6670
7169
6671
7170
6672
7171
6673
7172
6674
7173
6675
7174
6676
7175
6677
7176
6678
7177
6679
7178
6680
7179
6681
7180
6682
7181
6683
7182
6684
7183
6685
7184
6686
7185
6687
7186
6688
7187
6689
7188
6690
7189
6691
7190
6692
7191
6693
7192
6694
7193
6695
7194
6696
7195
6697
7196
6698
7197
6699
7198
6700
7199
6701
7200
6702
7201
6703
7202
6704
7203
6705
7204
6706
7205
6707
7206
6708
7207
6709
7208
6710
7209
6711
7210
6712
7211
6713
7212
6714
7213
6715
7214
6716
7215
6717
7216
6718
7217
6719
7218
6720
7219
6721
7220
6722
7221
6723
7222
6724
7223
6725
7224
6726
7225
6727
7226
6728
7227
6729
7228
6730
7229
6731
7230
6732
7231
6733
7232
6734
7233
6735
7234
6736
7235
6737
7236
6738
7237
6739
7238
6740
7239
6741
7240
6742
7241
6743
7242
6744
7243
6745
7244
6746
7245
6747
7246
6748
7247
6749
7248
6750
7249
6751
7250
6752
7251
6753
7252
6754
7253
6755
7254
6756
7255
6757
7256
6758
7257
6759
7258
6760
7259
6761
7260
6762
7261
6763
7262
6764
7263
6765
7264
6766
7265
6767
7266
6768
7267
6769
7268
6770
7269
6771
7270
6772
7271
6773
7272
6774
7273
6775
7274
6776
7275
6777
7276
6778
7277
6779
7278
6780
7279
6781
7280
6782
7281
6783
7282
6784
7283
6785
7284
6786
7285
6787
7286
6788
7287
6789
7288
6790
7289
6791
7290
6792
7291
6793
7292
6794
7293
6795
7294
6796
7295
6797
7296
6798
7297
6799
7298
6800
7299
6801
7300
6802
7301
6803
7302
6804
7303
6805
7304
6806
7305
6807
7306
6808
7307
6809
7308
6810
7309
6811
7310
6812
7311
6813
7312
6814
7313
6815
7314
6816
7315
6817
7316
6818
7317
6819
7318
6820
7319
6821
7320
6822
7321
6823
7322
6824
7323
6825
7324
6826
7325
6827
7326
6828
7327
6829
7328
6830
7329
6831
7330
6832
7331
6833
7332
6834
7333
6835
7334
6836
7335
6837
7336
6838
7337
6839
7338
6840
7339
6841
7340
6842
7341
6843
7342
6844
7343
6845
7344
6846
7345
6847
7346
6848
7347
6849
7348
6850
7349
6851
7350
6852
7351
6853
7352
6854
7353
6855
7354
6856
7355
6857
7356
6858
7357
6859
7358
6860
7359
6861
7360
6862
7361
6863
7362
6864
7363
6865
7364
6866
7365
6867
7366
6868
7367
6869
7368
6870
7369
6871
7370
6872
7371
6873
7372
6874
7373
6875
7374
6876
7375
6877
7376
6878
7377
6879
7378
6880
7379
6881
7380
6882
7381
6883
7382
6884
7383
6885
7384
6886
7385
6887
7386
6888
7387
6889
7388
6890
7389
6891
7390
6892
7391
6893
7392
6894
7393
6895
7394
6896
7395
6897
7396
6898
7397
6899
7398
6900
7399
6901
7400
6902
7401
6903
7402
6904
7403
6905
7404
6906
7405
6907
7406
6908
7407
6909
7408
6910
7409
6911
7410
6912
7411
6913
7412
6914
7413
6915
7414
6916
7415
6917
7416
6918
7417
6919
7418
6920
7419
6921
7420
6922
7421
6923
7422
6924
7423
6925
7424
6926
7425
6927
7426
6928
7427
6929
7428
6930
7429
6931
7430
6932
7431
6933
7432
6934
7433
6935
7434
6936
7435
6937
7436
6938
7437
6939
7438
6940
7439
6941
7440
6942
7441
6943
7442
6944
7443
6945
7444
6946
7445
6947
7446
6948
7447
6949
7448
6950
7449
6951
7450
6952
7451
6953
7452
6954
7453
6955
7454
6956
7455
6957
7456
6958
7457
6959
7458
6960
7459
6961
7460
6962
7461
6963
7462
6964
7463
6965
7464
6966
7465
6967
7466
6968
7467
6969
7468
6970
7469
6971
7470
6972
7471
6973
7472
6974
7473
6975
7474
6976
7475
6977
7476
6978
7477
6979
7478
6980
7479
6981
7480
6982
7481
6983
7482
6984
7483
6985
7484
6986
7485
6987
7486
6988
7487
6989
7488
6990
7489
6991
7490
6992
7491
6993
7492
6994
7493
6995
7494
6996
7495
6997
7496
6998
7497
6999
7498
7499
7001
7500
7002
7501
7003
7502
7004
7503
7005
7504
7006
7505
7007
7506
7008
7507
7009
7508
7010
7509
7011
7510
7012
7511
7013
7512
7014
7513
7015
7514
7016
7515
7017
7516
7018
7517
7019
7518
7020
7519
7021
7520
7022
7521
7023
7522
7024
7523
7025
7524
7026
7525
7027
7526
7028
7527
7029
7528
7030
7529
7031
7530
7032
7531
7033
7532
7034
7533
7035
7534
7036
7535
7037
7536
7038
7537
7039
7538
7040
7539
7041
7540
7042
7541
7043
7542
7044
7543
7045
7544
7046
7545
7047
7546
7048
7547
7049
7548
7050
7549
7051
7550
7052
7551
7053
7552
7054
7553
7055
7554
7056
7555
7057
7556
7058
7557
7059
7558
7060
7559
7061
7560
7062
7561
7063
7562
7064
7563
7065
7564
7066
7565
7067
7566
7068
7567
7069
7568
7070
7569
7071
7570
7072
7571
7073
7572
7074
7573
7075
7574
7076
7575
7077
7576
7078
7577
7079
7578
7080
7579
7081
7580
7082
7581
7083
7582
7084
7583
7085
7584
7086
7585
7087
7586
7088
7587
7089
7588
7090
7589
7091
7590
7092
7591
7093
7592
7094
7593
7095
7594
7096
7595
7097
7596
7098
7597
7099
7598
7100
7599
7101
7600
7102
7601
7103
7602
7104
7603
7105
7604
7106
7605
7107
7606
7108
7607
7109
7608
7110
7609
7111
7610
7112
7611
7113
7612
7114
7613
7115
7614
7116
7615
7117
7616
7118
7617
7119
7618
7120
7619
7121
7620
7122
7621
7123
7622
7124
7623
7125
7624
7126
7625
7127
7626
7128
7627
7129
7628
7130
7629
7131
7630
7132
7631
7133
7632
7134
7633
7135
7634
7136
7635
7137
7636
7138
7637
7139
7638
7140
7639
7141
7640
7142
7641
7143
7642
7144
7643
7145
7644
7146
7645
7147
7646
7148
7647
7149
7648
7150
7649
7151
7650
7152
7651
7153
7652
7154
7653
7155
7654
7156
7655
7157
7656
7158
7657
7159
7658
7160
7659
7161
7660
7162
7661
7163
7662
7164
7663
7165
7664
7166
7665
7167
7666
7168
7667
7169
7668
7170
7669
7171
7670
7172
7671
7173
7672
7174
7673
7175
7674
7176
7675
7177
7676
7178
7677
7179
7678
7180
7679
7181
7680
7182
7681
7183
7682
7184
7683
7185
7684
7186
7685
7187
7686
7188
7687
7189
7688
7190
7689
7191
7690
7192
7691
7193
7692
7194
7693
7195
7694
7196
7695
7197
7696
7198
7697
7199
7698
7200
7699
7201
7700
7202
7701
7203
7702
7204
7703
7205
7704
7206
7705
7207
7706
7208
7707
7209
7708
7210
7709
7211
7710
7212
7711
7213
7712
7214
7713
7215
7714
7216
7715
7217
7716
7218
7717
7219
7718
7220
7719
7221
7720
7222
7721
7223
7722
7224
7723
7225
7724
7226
7725
7227
7726
7228
7727
7229
7728
7230
7729
7231
7730
7232
7731
7233
7732
7234
7733
7235
7734
7236
7735
7237
7736
7238
7737
7239
7738
7240
7739
7241
7740
7242
7741
7243
7742
7244
7743
7245
7744
7246
7745
7247
7746
7248
7747
7249
7748
7250
7749
7251
7750
7252
7751
7253
7752
7254
7753
7255
7754
7256
7755
7257
7756
7258
7757
7259
7758
7260
7759
7261
7760
7262
7761
7263
7762
7264
7763
7265
7764
7266
7765
7267
7766
7268
7767
7269
7768
7270
7769
7271
7770
7272
7771
7273
7772
7274
7773
7275
7774
7276
7775
7277
7776
7278
7777
7279
7778
7280
7779
7281
7780
7282
7781
7283
7782
7284
7783
7285
7784
7286
7785
7287
7786
7288
7787
7289
7788
7290
7789
7291
7790
7292
7791
7293
7792
7294
7793
7295
7794
7296
7795
7297
7796
7298
7797
7299
7798
7300
7799
7301
7800
7302
7801
7303
7802
7304
7803
7305
7804
7306
7805
7307
7806
7308
7807
7309
7808
7310
7809
7311
7810
7312
7811
7313
7812
7314
7813
7315
7814
7316
7815
7317
7816
7318
7817
7319
7818
7320
7819
7321
7820
7322
7821
7323
7822
7324
7823
7325
7824
7326
7825
7327
7826
7328
7827
7329
7828
7330
7829
7331
7830
7332
7831
7333
7832
7334
7833
7335
7834
7336
7835
7337
7836
7338
7837
7339
7838
7340
7839
7341
7840
7342
7841
7343
7842
7344
7843
7345
7844
7346
7845
7347
7846
7348
7847
7349
7848
7350
7849
7351
7850
7352
7851
7353
7852
7354
7853
7355
7854
7356
7855
7357
7856
7358
7857
7359
7858
7360
7859
7361
7860
7362
7861
7363
7862
7364
7863
7365
7864
7366
7865
7367
7866
7368
7867
7369
7868
7370
7869
7371
7870
7372
7871
7373
7872
7374
7873
7375
7874
7376
7875
7377
7876
7378
7877
7379
7878
7380
7879
7381
7880
7382
7881
7383
7882
7384
7883
7385
7884
7386
7885
7387
7886
7388
7887
7389
7888
7390
7889
7391
7890
7392
7891
7393
7892
7394
7893
7395
7894
7396
7895
7397
7896
7398
7897
7399
7898
7400
7899
7401
7900
7402
7901
7403
7902
7404
7903
7405
7904
7406
7905
7407
7906
7408
7907
7409
7908
7410
7909
7411
7910
7412
7911
7413
7912
7414
7913
7415
7914
7416
7915
7417
7916
7418
7917
7419
7918
7420
7919
7421
7920
7422
7921
7423
7922
7424
7923
7425
7924
7426
7925
7427
7926
7428
7927
7429
7928
7430
7929
7431
7930
7432
7931
7433
7932
7434
7933
7435
7934
7436
7935
7437
7936
7438
7937
7439
7938
7440
7939
7441
7940
7442
7941
7443
7942
7444
7943
7445
7944
7446
7945
7447
7946
7448
7947
7449
7948
7450
7949
7451
7950
7452
7951
7453
7952
7454
7953
7455
7954
7456
7955
7457
7956
7458
7957
7459
7958
7460
7959
7461
7960
7462
7961
7463
7962
7464
7963
7465
7964
7466
7965
7467
7966
7468
7967
7469
7968
7470
7969
7471
7970
7472
7971
7473
7972
7474
7973
7475
7974
7476
7975
7477
7976
7478
7977
7479
7978
7480
7979
7481
7980
7482
7981
7483
7982
7484
7983
7485
7984
7486
7985
7487
7986
7488
7987
7489
7988
7490
7989
7491
7990
7492
7991
7493
7992
7494
7993
7495
7994
7496
7995
7497
7996
7498
7997
7499
7998
7999
7501
8000
7502
8001
7503
8002
7504
8003
7505
8004
7506
8005
7507
8006
7508
8007
7509
8008
7510
8009
7511
8010
7512
8011
7513
8012
7514
8013
7515
8014
7516
8015
7517
8016
7518
8017
7519
8018
7520
8019
7521
8020
7522
8021
7523
8022
7524
8023
7525
8024
7526
8025
7527
8026
7528
8027
7529
8028
7530
8029
7531
8030
7532
8031
7533
8032
7534
8033
7535
8034
7536
8035
7537
8036
7538
8037
7539
8038
7540
8039
7541
8040
7542
8041
7543
8042
7544
8043
7545
8044
7546
8045
7547
8046
7548
8047
7549
8048
7550
8049
7551
8050
7552
8051
7553
8052
7554
8053
7555
8054
7556
8055
7557
8056
7558
8057
7559
8058
7560
8059
7561
8060
7562
8061
7563
8062
7564
8063
7565
8064
7566
8065
7567
8066
7568
8067
7569
8068
7570
8069
7571
8070
7572
8071
7573
8072
7574
8073
7575
8074
7576
8075
7577
8076
7578
8077
7579
8078
7580
8079
7581
8080
7582
8081
7583
8082
7584
8083
7585
8084
7586
8085
7587
8086
7588
8087
7589
8088
7590
8089
7591
8090
7592
8091
7593
8092
7594
8093
7595
8094
7596
8095
7597
8096
7598
8097
7599
8098
7600
8099
7601
8100
7602
8101
7603
8102
7604
8103
7605
8104
7606
8105
7607
8106
7608
8107
7609
8108
7610
8109
7611
8110
7612
8111
7613
8112
7614
8113
7615
8114
7616
8115
7617
8116
7618
8117
7619
8118
7620
8119
7621
8120
7622
8121
7623
8122
7624
8123
7625
8124
7626
8125
7627
8126
7628
8127
7629
8128
7630
8129
7631
8130
7632
8131
7633
8132
7634
8133
7635
8134
7636
8135
7637
8136
7638
8137
7639
8138
7640
8139
7641
8140
7642
8141
7643
8142
7644
8143
7645
8144
7646
8145
7647
8146
7648
8147
7649
8148
7650
8149
7651
8150
7652
8151
7653
8152
7654
8153
7655
8154
7656
8155
7657
8156
7658
8157
7659
8158
7660
8159
7661
8160
7662
8161
7663
8162
7664
8163
7665
8164
7666
8165
7667
8166
7668
8167
7669
8168
7670
8169
7671
8170
7672
8171
7673
8172
7674
8173
7675
8174
7676
8175
7677
8176
7678
8177
7679
8178
7680
8179
7681
8180
7682
8181
7683
8182
7684
8183
7685
8184
7686
8185
7687
8186
7688
8187
7689
8188
7690
8189
7691
8190
7692
8191
7693
8192
7694
8193
7695
8194
7696
8195
7697
8196
7698
8197
7699
8198
7700
8199
7701
8200
7702
8201
7703
8202
7704
8203
7705
8204
7706
8205
7707
8206
7708
8207
7709
8208
7710
8209
7711
8210
7712
8211
7713
8212
7714
8213
7715
8214
7716
8215
7717
8216
7718
8217
7719
8218
7720
8219
7721
8220
7722
8221
7723
8222
7724
8223
7725
8224
7726
8225
7727
8226
7728
8227
7729
8228
7730
8229
7731
8230
7732
8231
7733
8232
7734
8233
7735
8234
7736
8235
7737
8236
7738
8237
7739
8238
7740
8239
7741
8240
7742
8241
7743
8242
7744
8243
7745
8244
7746
8245
7747
8246
7748
8247
7749
8248
7750
8249
7751
8250
7752
8251
7753
8252
7754
8253
7755
8254
7756
8255
7757
8256
7758
8257
7759
8258
7760
8259
7761
8260
7762
8261
7763
8262
7764
8263
7765
8264
7766
8265
7767
8266
7768
8267
7769
8268
7770
8269
7771
8270
7772
8271
7773
8272
7774
8273
7775
8274
7776
8275
7777
8276
7778
8277
7779
8278
7780
8279
7781
8280
7782
8281
7783
8282
7784
8283
7785
8284
7786
8285
7787
8286
7788
8287
7789
8288
7790
8289
7791
8290
7792
8291
7793
8292
7794
8293
7795
8294
7796
8295
7797
8296
7798
8297
7799
8298
7800
8299
7801
8300
7802
8301
7803
8302
7804
8303
7805
8304
7806
8305
7807
8306
7808
8307
7809
8308
7810
8309
7811
8310
7812
8311
7813
8312
7814
8313
7815
8314
7816
8315
7817
8316
7818
8317
7819
8318
7820
8319
7821
8320
7822
8321
7823
8322
7824
8323
7825
8324
7826
8325
7827
8326
7828
8327
7829
8328
7830
8329
7831
8330
7832
8331
7833
8332
7834
8333
7835
8334
7836
8335
7837
8336
7838
8337
7839
8338
7840
8339
7841
8340
7842
8341
7843
8342
7844
8343
7845
8344
7846
8345
7847
8346
7848
8347
7849
8348
7850
8349
7851
8350
7852
8351
7853
8352
7854
8353
7855
8354
7856
8355
7857
8356
7858
8357
7859
8358
7860
8359
7861
8360
7862
8361
7863
8362
7864
8363
7865
8364
7866
8365
7867
8366
7868
8367
7869
8368
7870
8369
7871
8370
7872
8371
7873
8372
7874
8373
7875
8374
7876
8375
7877
8376
7878
8377
7879
8378
7880
8379
7881
8380
7882
8381
7883
8382
7884
8383
7885
8384
7886
8385
7887
8386
7888
8387
7889
8388
7890
8389
7891
8390
7892
8391
7893
8392
7894
8393
7895
8394
7896
8395
7897
8396
7898
8397
7899
8398
7900
8399
7901
8400
7902
8401
7903
8402
7904
8403
7905
8404
7906
8405
7907
8406
7908
8407
7909
8408
7910
8409
7911
8410
7912
8411
7913
8412
7914
8413
7915
8414
7916
8415
7917
8416
7918
8417
7919
8418
7920
8419
7921
8420
7922
8421
7923
8422
7924
8423
7925
8424
7926
8425
7927
8426
7928
8427
7929
8428
7930
8429
7931
8430
7932
8431
7933
8432
7934
8433
7935
8434
7936
8435
7937
8436
7938
8437
7939
8438
7940
8439
7941
8440
7942
8441
7943
8442
7944
8443
7945
8444
7946
8445
7947
8446
7948
8447
7949
8448
7950
8449
7951
8450
7952
8451
7953
8452
7954
8453
7955
8454
7956
8455
7957
8456
7958
8457
7959
8458
7960
8459
7961
8460
7962
8461
7963
8462
7964
8463
7965
8464
7966
8465
7967
8466
7968
8467
7969
8468
7970
8469
7971
8470
7972
8471
7973
8472
7974
8473
7975
8474
7976
8475
7977
8476
7978
8477
7979
8478
7980
8479
7981
8480
7982
8481
7983
8482
7984
8483
7985
8484
7986
8485
7987
8486
7988
8487
7989
8488
7990
8489
7991
8490
7992
8491
7993
8492
7994
8493
7995
8494
7996
8495
7997
8496
7998
8497
7999
8498
8499
8001
8500
8002
8501
8003
8502
8004
8503
8005
8504
8006
8505
8007
8506
8008
8507
8009
8508
8010
8509
8011
8510
8012
8511
8013
8512
8014
8513
8015
8514
8016
8515
8017
8516
8018
8517
8019
8518
8020
8519
8021
8520
8022
8521
8023
8522
8024
8523
8025
8524
8026
8525
8027
8526
8028
8527
8029
8528
8030
8529
8031
8530
8032
8531
8033
8532
8034
8533
8035
8534
8036
8535
8037
8536
8038
8537
8039
8538
8040
8539
8041
8540
8042
8541
8043
8542
8044
8543
8045
8544
8046
8545
8047
8546
8048
8547
8049
8548
8050
8549
8051
8550
8052
8551
8053
8552
8054
8553
8055
8554
8056
8555
8057
8556
8058
8557
8059
8558
8060
8559
8061
8560
8062
8561
8063
8562
8064
8563
8065
8564
8066
8565
8067
8566
8068
8567
8069
8568
8070
8569
8071
8570
8072
8571
8073
8572
8074
8573
8075
8574
8076
8575
8077
8576
8078
8577
8079
8578
8080
8579
8081
8580
8082
8581
8083
8582
8084
8583
8085
8584
8086
8585
8087
8586
8088
8587
8089
8588
8090
8589
8091
8590
8092
8591
8093
8592
8094
8593
8095
8594
8096
8595
8097
8596
8098
8597
8099
8598
8100
8599
8101
8600
8102
8601
8103
8602
8104
8603
8105
8604
8106
8605
8107
8606
8108
8607
8109
8608
8110
8609
8111
8610
8112
8611
8113
8612
8114
8613
8115
8614
8116
8615
8117
8616
8118
8617
8119
8618
8120
8619
8121
8620
8122
8621
8123
8622
8124
8623
8125
8624
8126
8625
8127
8626
8128
8627
8129
8628
8130
8629
8131
8630
8132
8631
8133
8632
8134
8633
8135
8634
8136
8635
8137
8636
8138
8637
8139
8638
8140
8639
8141
8640
8142
8641
8143
8642
8144
8643
8145
8644
8146
8645
8147
8646
8148
8647
8149
8648
8150
8649
8151
8650
8152
8651
8153
8652
8154
8653
8155
8654
8156
8655
8157
8656
8158
8657
8159
8658
8160
8659
8161
8660
8162
8661
8163
8662
8164
8663
8165
8664
8166
8665
8167
8666
8168
8667
8169
8668
8170
8669
8171
8670
8172
8671
8173
8672
8174
8673
8175
8674
8176
8675
8177
8676
8178
8677
8179
8678
8180
8679
8181
8680
8182
8681
8183
8682
8184
8683
8185
8684
8186
8685
8187
8686
8188
8687
8189
8688
8190
8689
8191
8690
8192
8691
8193
8692
8194
8693
8195
8694
8196
8695
8197
8696
8198
8697
8199
8698
8200
8699
8201
8700
8202
8701
8203
8702
8204
8703
8205
8704
8206
8705
8207
8706
8208
8707
8209
8708
8210
8709
8211
8710
8212
8711
8213
8712
8214
8713
8215
8714
8216
8715
8217
8716
8218
8717
8219
8718
8220
8719
8221
8720
8222
8721
8223
8722
8224
8723
8225
8724
8226
8725
8227
8726
8228
8727
8229
8728
8230
8729
8231
8730
8232
8731
8233
8732
8234
8733
8235
8734
8236
8735
8237
8736
8238
8737
8239
8738
8240
8739
8241
8740
8242
8741
8243
8742
8244
8743
8245
8744
8246
8745
8247
8746
8248
8747
8249
8748
8250
8749
8251
8750
8252
8751
8253
8752
8254
8753
8255
8754
8256
8755
8257
8756
8258
8757
8259
8758
8260
8759
8261
8760
8262
8761
8263
8762
8264
8763
8265
8764
8266
8765
8267
8766
8268
8767
8269
8768
8270
8769
8271
8770
8272
8771
8273
8772
8274
8773
8275
8774
8276
8775
8277
8776
8278
8777
8279
8778
8280
8779
8281
8780
8282
8781
8283
8782
8284
8783
8285
8784
8286
8785
8287
8786
8288
8787
8289
8788
8290
8789
8291
8790
8292
8791
8293
8792
8294
8793
8295
8794
8296
8795
8297
8796
8298
8797
8299
8798
8300
8799
8301
8800
8302
8801
8303
8802
8304
8803
8305
8804
8306
8805
8307
8806
8308
8807
8309
8808
8310
8809
8311
8810
8312
8811
8313
8812
8314
8813
8315
8814
8316
8815
8317
8816
8318
8817
8319
8818
8320
8819
8321
8820
8322
8821
8323
8822
8324
8823
8325
8824
8326
8825
8327
8826
8328
8827
8329
8828
8330
8829
8331
8830
8332
8831
8333
8832
8334
8833
8335
8834
8336
8835
8337
8836
8338
8837
8339
8838
8340
8839
8341
8840
8342
8841
8343
8842
8344
8843
8345
8844
8346
8845
8347
8846
8348
8847
8349
8848
8350
8849
8351
8850
8352
8851
8353
8852
8354
8853
8355
8854
8356
8855
8357
8856
8358
8857
8359
8858
8360
8859
8361
8860
8362
8861
8363
8862
8364
8863
8365
8864
8366
8865
8367
8866
8368
8867
8369
8868
8370
8869
8371
8870
8372
8871
8373
8872
8374
8873
8375
8874
8376
8875
8377
8876
8378
8877
8379
8878
8380
8879
8381
8880
8382
8881
8383
8882
8384
8883
8385
8884
8386
8885
8387
8886
8388
8887
8389
8888
8390
8889
8391
8890
8392
8891
8393
8892
8394
8893
8395
8894
8396
8895
8397
8896
8398
8897
8399
8898
8400
8899
8401
8900
8402
8901
8403
8902
8404
8903
8405
8904
8406
8905
8407
8906
8408
8907
8409
8908
8410
8909
8411
8910
8412
8911
8413
8912
8414
8913
8415
8914
8416
8915
8417
8916
8418
8917
8419
8918
8420
8919
8421
8920
8422
8921
8423
8922
8424
8923
8425
8924
8426
8925
8427
8926
8428
8927
8429
8928
8430
8929
8431
8930
8432
8931
8433
8932
8434
8933
8435
8934
8436
8935
8437
8936
8438
8937
8439
8938
8440
8939
8441
8940
8442
8941
8443
8942
8444
8943
8445
8944
8446
8945
8447
8946
8448
8947
8449
8948
8450
8949
8451
8950
8452
8951
8453
8952
8454
8953
8455
8954
8456
8955
8457
8956
8458
8957
8459
8958
8460
8959
8461
8960
8462
8961
8463
8962
8464
8963
8465
8964
8466
8965
8467
8966
8468
8967
8469
8968
8470
8969
8471
8970
8472
8971
8473
8972
8474
8973
8475
8974
8476
8975
8477
8976
8478
8977
8479
8978
8480
8979
8481
8980
8482
8981
8483
8982
8484
8983
8485
8984
8486
8985
8487
8986
8488
8987
8489
8988
8490
8989
8491
8990
8492
8991
8493
8992
8494
8993
8495
8994
8496
8995
8497
8996
8498
8997
8499
8998
8999
8501
9000
8502
9001
8503
9002
8504
9003
8505
9004
8506
9005
8507
9006
8508
9007
8509
9008
8510
9009
8511
9010
8512
9011
8513
9012
8514
9013
8515
9014
8516
9015
8517
9016
8518
9017
8519
9018
8520
9019
8521
9020
8522
9021
8523
9022
8524
9023
8525
9024
8526
9025
8527
9026
8528
9027
8529
9028
8530
9029
8531
9030
8532
9031
8533
9032
8534
9033
8535
9034
8536
9035
8537
9036
8538
9037
8539
9038
8540
9039
8541
9040
8542
9041
8543
9042
8544
9043
8545
9044
8546
9045
8547
9046
8548
9047
8549
9048
8550
9049
8551
9050
8552
9051
8553
9052
8554
9053
8555
9054
8556
9055
8557
9056
8558
9057
8559
9058
8560
9059
8561
9060
8562
9061
8563
9062
8564
9063
8565
9064
8566
9065
8567
9066
8568
9067
8569
9068
8570
9069
8571
9070
8572
9071
8573
9072
8574
9073
8575
9074
8576
9075
8577
9076
8578
9077
8579
9078
8580
9079
8581
9080
8582
9081
8583
9082
8584
9083
8585
9084
8586
9085
8587
9086
8588
9087
8589
9088
8590
9089
8591
9090
8592
9091
8593
9092
8594
9093
8595
9094
8596
9095
8597
9096
8598
9097
8599
9098
8600
9099
8601
9100
8602
9101
8603
9102
8604
9103
8605
9104
8606
9105
8607
9106
8608
9107
8609
9108
8610
9109
8611
9110
8612
9111
8613
9112
8614
9113
8615
9114
8616
9115
8617
9116
8618
9117
8619
9118
8620
9119
8621
9120
8622
9121
8623
9122
8624
9123
8625
9124
8626
9125
8627
9126
8628
9127
8629
9128
8630
9129
8631
9130
8632
9131
8633
9132
8634
9133
8635
9134
8636
9135
8637
9136
8638
9137
8639
9138
8640
9139
8641
9140
8642
9141
8643
9142
8644
9143
8645
9144
8646
9145
8647
9146
8648
9147
8649
9148
8650
9149
8651
9150
8652
9151
8653
9152
8654
9153
8655
9154
8656
9155
8657
9156
8658
9157
8659
9158
8660
9159
8661
9160
8662
9161
8663
9162
8664
9163
8665
9164
8666
9165
8667
9166
8668
9167
8669
9168
8670
9169
8671
9170
8672
9171
8673
9172
8674
9173
8675
9174
8676
9175
8677
9176
8678
9177
8679
9178
8680
9179
8681
9180
8682
9181
8683
9182
8684
9183
8685
9184
8686
9185
8687
9186
8688
9187
8689
9188
8690
9189
8691
9190
8692
9191
8693
9192
8694
9193
8695
9194
8696
9195
8697
9196
8698
9197
8699
9198
8700
9199
8701
9200
8702
9201
8703
9202
8704
9203
8705
9204
8706
9205
8707
9206
8708
9207
8709
9208
8710
9209
8711
9210
8712
9211
8713
9212
8714
9213
8715
9214
8716
9215
8717
9216
8718
9217
8719
9218
8720
9219
8721
9220
8722
9221
8723
9222
8724
9223
8725
9224
8726
9225
8727
9226
8728
9227
8729
9228
8730
9229
8731
9230
8732
9231
8733
9232
8734
9233
8735
9234
8736
9235
8737
9236
8738
9237
8739
9238
8740
9239
8741
9240
8742
9241
8743
9242
8744
9243
8745
9244
8746
9245
8747
9246
8748
9247
8749
9248
8750
9249
8751
9250
8752
9251
8753
9252
8754
9253
8755
9254
8756
9255
8757
9256
8758
9257
8759
9258
8760
9259
8761
9260
8762
9261
8763
9262
8764
9263
8765
9264
8766
9265
8767
9266
8768
9267
8769
9268
8770
9269
8771
9270
8772
9271
8773
9272
8774
9273
8775
9274
8776
9275
8777
9276
8778
9277
8779
9278
8780
9279
8781
9280
8782
9281
8783
9282
8784
9283
8785
9284
8786
9285
8787
9286
8788
9287
8789
9288
8790
9289
8791
9290
8792
9291
8793
9292
8794
9293
8795
9294
8796
9295
8797
9296
8798
9297
8799
9298
8800
9299
8801
9300
8802
9301
8803
9302
8804
9303
8805
9304
8806
9305
8807
9306
8808
9307
8809
9308
8810
9309
8811
9310
8812
9311
8813
9312
8814
9313
8815
9314
8816
9315
8817
9316
8818
9317
8819
9318
8820
9319
8821
9320
8822
9321
8823
9322
8824
9323
8825
9324
8826
9325
8827
9326
8828
9327
8829
9328
8830
9329
8831
9330
8832
9331
8833
9332
8834
9333
8835
9334
8836
9335
8837
9336
8838
9337
8839
9338
8840
9339
8841
9340
8842
9341
8843
9342
8844
9343
8845
9344
8846
9345
8847
9346
8848
9347
8849
9348
8850
9349
8851
9350
8852
9351
8853
9352
8854
9353
8855
9354
8856
9355
8857
9356
8858
9357
8859
9358
8860
9359
8861
9360
8862
9361
8863
9362
8864
9363
8865
9364
8866
9365
8867
9366
8868
9367
8869
9368
8870
9369
8871
9370
8872
9371
8873
9372
8874
9373
8875
9374
8876
9375
8877
9376
8878
9377
8879
9378
8880
9379
8881
9380
8882
9381
8883
9382
8884
9383
8885
9384
8886
9385
8887
9386
8888
9387
8889
9388
8890
9389
8891
9390
8892
9391
8893
9392
8894
9393
8895
9394
8896
9395
8897
9396
8898
9397
8899
9398
8900
9399
8901
9400
8902
9401
8903
9402
8904
9403
8905
9404
8906
9405
8907
9406
8908
9407
8909
9408
8910
9409
8911
9410
8912
9411
8913
9412
8914
9413
8915
9414
8916
9415
8917
9416
8918
9417
8919
9418
8920
9419
8921
9420
8922
9421
8923
9422
8924
9423
8925
9424
8926
9425
8927
9426
8928
9427
8929
9428
8930
9429
8931
9430
8932
9431
8933
9432
8934
9433
8935
9434
8936
9435
8937
9436
8938
9437
8939
9438
8940
9439
8941
9440
8942
9441
8943
9442
8944
9443
8945
9444
8946
9445
8947
9446
8948
9447
8949
9448
8950
9449
8951
9450
8952
9451
8953
9452
8954
9453
8955
9454
8956
9455
8957
9456
8958
9457
8959
9458
8960
9459
8961
9460
8962
9461
8963
9462
8964
9463
8965
9464
8966
9465
8967
9466
8968
9467
8969
9468
8970
9469
8971
9470
8972
9471
8973
9472
8974
9473
8975
9474
8976
9475
8977
9476
8978
9477
8979
9478
8980
9479
8981
9480
8982
9481
8983
9482
8984
9483
8985
9484
8986
9485
8987
9486
8988
9487
8989
9488
8990
9489
8991
9490
8992
9491
8993
9492
8994
9493
8995
9494
8996
9495
8997
9496
8998
9497
8999
9498
9499
9001
9500
9002
9501
9003
9502
9004
9503
9005
9504
9006
9505
9007
9506
9008
9507
9009
9508
9010
9509
9011
9510
9012
9511
9013
9512
9014
9513
9015
9514
9016
9515
9017
9516
9018
9517
9019
9518
9020
9519
9021
9520
9022
9521
9023
9522
9024
9523
9025
9524
9026
9525
9027
9526
9028
9527
9029
9528
9030
9529
9031
9530
9032
9531
9033
9532
9034
9533
9035
9534
9036
9535
9037
9536
9038
9537
9039
9538
9040
9539
9041
9540
9042
9541
9043
9542
9044
9543
9045
9544
9046
9545
9047
9546
9048
9547
9049
9548
9050
9549
9051
9550
9052
9551
9053
9552
9054
9553
9055
9554
9056
9555
9057
9556
9058
9557
9059
9558
9060
9559
9061
9560
9062
9561
9063
9562
9064
9563
9065
9564
9066
9565
9067
9566
9068
9567
9069
9568
9070
9569
9071
9570
9072
9571
9073
9572
9074
9573
9075
9574
9076
9575
9077
9576
9078
9577
9079
9578
9080
9579
9081
9580
9082
9581
9083
9582
9084
9583
9085
9584
9086
9585
9087
9586
9088
9587
9089
9588
9090
9589
9091
9590
9092
9591
9093
9592
9094
9593
9095
9594
9096
9595
9097
9596
9098
9597
9099
9598
9100
9599
9101
9600
9102
9601
9103
9602
9104
9603
9105
9604
9106
9605
9107
9606
9108
9607
9109
9608
9110
9609
9111
9610
9112
9611
9113
9612
9114
9613
9115
9614
9116
9615
9117
9616
9118
9617
9119
9618
9120
9619
9121
9620
9122
9621
9123
9622
9124
9623
9125
9624
9126
9625
9127
9626
9128
9627
9129
9628
9130
9629
9131
9630
9132
9631
9133
9632
9134
9633
9135
9634
9136
9635
9137
9636
9138
9637
9139
9638
9140
9639
9141
9640
9142
9641
9143
9642
9144
9643
9145
9644
9146
9645
9147
9646
9148
9647
9149
9648
9150
9649
9151
9650
9152
9651
9153
9652
9154
9653
9155
9654
9156
9655
9157
9656
9158
9657
9159
9658
9160
9659
9161
9660
9162
9661
9163
9662
9164
9663
9165
9664
9166
9665
9167
9666
9168
9667
9169
9668
9170
9669
9171
9670
9172
9671
9173
9672
9174
9673
9175
9674
9176
9675
9177
9676
9178
9677
9179
9678
9180
9679
9181
9680
9182
9681
9183
9682
9184
9683
9185
9684
9186
9685
9187
9686
9188
9687
9189
9688
9190
9689
9191
9690
9192
9691
9193
9692
9194
9693
9195
9694
9196
9695
9197
9696
9198
9697
9199
9698
9200
9699
9201
9700
9202
9701
9203
9702
9204
9703
9205
9704
9206
9705
9207
9706
9208
9707
9209
9708
9210
9709
9211
9710
9212
9711
9213
9712
9214
9713
9215
9714
9216
9715
9217
9716
9218
9717
9219
9718
9220
9719
9221
9720
9222
9721
9223
9722
9224
9723
9225
9724
9226
9725
9227
9726
9228
9727
9229
9728
9230
9729
9231
9730
9232
9731
9233
9732
9234
9733
9235
9734
9236
9735
9237
9736
9238
9737
9239
9738
9240
9739
9241
9740
9242
9741
9243
9742
9244
9743
9245
9744
9246
9745
9247
9746
9248
9747
9249
9748
9250
9749
9251
9750
9252
9751
9253
9752
9254
9753
9255
9754
9256
9755
9257
9756
9258
9757
9259
9758
9260
9759
9261
9760
9262
9761
9263
9762
9264
9763
9265
9764
9266
9765
9267
9766
9268
9767
9269
9768
9270
9769
9271
9770
9272
9771
9273
9772
9274
9773
9275
9774
9276
9775
9277
9776
9278
9777
9279
9778
9280
9779
9281
9780
9282
9781
9283
9782
9284
9783
9285
9784
9286
9785
9287
9786
9288
9787
9289
9788
9290
9789
9291
9790
9292
9791
9293
9792
9294
9793
9295
9794
9296
9795
9297
9796
9298
9797
9299
9798
9300
9799
9301
9800
9302
9801
9303
9802
9304
9803
9305
9804
9306
9805
9307
9806
9308
9807
9309
9808
9310
9809
9311
9810
9312
9811
9313
9812
9314
9813
9315
9814
9316
9815
9317
9816
9318
9817
9319
9818
9320
9819
9321
9820
9322
9821
9323
9822
9324
9823
9325
9824
9326
9825
9327
9826
9328
9827
9329
9828
9330
9829
9331
9830
9332
9831
9333
9832
9334
9833
9335
9834
9336
9835
9337
9836
9338
9837
9339
9838
9340
9839
9341
9840
9342
9841
9343
9842
9344
9843
9345
9844
9346
9845
9347
9846
9348
9847
9349
9848
9350
9849
9351
9850
9352
9851
9353
9852
9354
9853
9355
9854
9356
9855
9357
9856
9358
9857
9359
9858
9360
9859
9361
9860
9362
9861
9363
9862
9364
9863
9365
9864
9366
9865
9367
9866
9368
9867
9369
9868
9370
9869
9371
9870
9372
9871
9373
9872
9374
9873
9375
9874
9376
9875
9377
9876
9378
9877
9379
9878
9380
9879
9381
9880
9382
9881
9383
9882
9384
9883
9385
9884
9386
9885
9387
9886
9388
9887
9389
9888
9390
9889
9391
9890
9392
9891
9393
9892
9394
9893
9395
9894
9396
9895
9397
9896
9398
9897
9399
9898
9400
9899
9401
9900
9402
9901
9403
9902
9404
9903
9405
9904
9406
9905
9407
9906
9408
9907
9409
9908
9410
9909
9411
9910
9412
9911
9413
9912
9414
9913
9415
9914
9416
9915
9417
9916
9418
9917
9419
9918
9420
9919
9421
9920
9422
9921
9423
9922
9424
9923
9425
9924
9426
9925
9427
9926
9428
9927
9429
9928
9430
9929
9431
9930
9432
9931
9433
9932
9434
9933
9435
9934
9436
9935
9437
9936
9438
9937
9439
9938
9440
9939
9441
9940
9442
9941
9443
9942
9444
9943
9445
9944
9446
9945
9447
9946
9448
9947
9449
9948
9450
9949
9451
9950
9452
9951
9453
9952
9454
9953
9455
9954
9456
9955
9457
9956
9458
9957
9459
9958
9460
9959
9461
9960
9462
9961
9463
9962
9464
9963
9465
9964
9466
9965
9467
9966
9468
9967
9469
9968
9470
9969
9471
9970
9472
9971
9473
9972
9474
9973
9475
9974
9476
9975
9477
9976
9478
9977
9479
9978
9480
9979
9481
9980
9482
9981
9483
9982
9484
9983
9485
9984
9486
9985
9487
9986
9488
9987
9489
9988
9490
9989
9491
9990
9492
9991
9493
9992
9494
9993
9495
9994
9496
9995
9497
9996
9498
9997
9499
9998
9999
9501
9502
9503
9504
9505
9506
9507
9508
9509
9510
9511
9512
9513
9514
9515
9516
9517
9518
9519
9520
9521
9522
9523
9524
9525
9526
9527
9528
9529
9530
9531
9532
9533
9534
9535
9536
9537
9538
9539
9540
9541
9542
9543
9544
9545
9546
9547
9548
9549
9550
9551
9552
9553
9554
9555
9556
9557
9558
9559
9560
9561
9562
9563
9564
9565
9566
9567
9568
9569
9570
9571
9572
9573
9574
9575
9576
9577
9578
9579
9580
9581
9582
9583
9584
9585
9586
9587
9588
9589
9590
9591
9592
9593
9594
9595
9596
9597
9598
9599
9600
9601
9602
9603
9604
9605
9606
9607
9608
9609
9610
9611
9612
9613
9614
9615
9616
9617
9618
9619
9620
9621
9622
9623
9624
9625
9626
9627
9628
9629
9630
9631
9632
9633
9634
9635
9636
9637
9638
9639
9640
9641
9642
9643
9644
9645
9646
9647
9648
9649
9650
9651
9652
9653
9654
9655
9656
9657
9658
9659
9660
9661
9662
9663
9664
9665
9666
9667
9668
9669
9670
9671
9672
9673
9674
9675
9676
9677
9678
9679
9680
9681
9682
9683
9684
9685
9686
9687
9688
9689
9690
9691
9692
9693
9694
9695
9696
9697
9698
9699
9700
9701
9702
9703
9704
9705
9706
9707
9708
9709
9710
9711
9712
9713
9714
9715
9716
9717
9718
9719
9720
9721
9722
9723
9724
9725
9726
9727
9728
9729
9730
9731
9732
9733
9734
9735
9736
9737
9738
9739
9740
9741
9742
9743
9744
9745
9746
9747
9748
9749
9750
9751
9752
9753
9754
9755
9756
9757
9758
9759
9760
9761
9762
9763
9764
9765
9766
9767
9768
9769
9770
9771
9772
9773
9774
9775
9776
9777
9778
9779
9780
9781
9782
9783
9784
9785
9786
9787
9788
9789
9790
9791
9792
9793
9794
9795
9796
9797
9798
9799
9800
9801
9802
9803
9804
9805
9806
9807
9808
9809
9810
9811
9812
9813
9814
9815
9816
9817
9818
9819
9820
9821
9822
9823
9824
9825
9826
9827
9828
9829
9830
9831
9832
9833
9834
9835
9836
9837
9838
9839
9840
9841
9842
9843
9844
9845
9846
9847
9848
9849
9850
9851
9852
9853
9854
9855
9856
9857
9858
9859
9860
9861
9862
9863
9864
9865
9866
9867
9868
9869
9870
9871
9872
9873
9874
9875
9876
9877
9878
9879
9880
9881
9882
9883
9884
9885
9886
9887
9888
9889
9890
9891
9892
9893
9894
9895
9896
9897
9898
9899
9900
9901
9902
9903
9904
9905
9906
9907
9908
9909
9910
9911
9912
9913
9914
9915
9916
9917
9918
9919
9920
9921
9922
9923
9924
9925
9926
9927
9928
9929
9930
9931
9932
9933
9934
9935
9936
9937
9938
9939
9940
9941
9942
9943
9944
9945
9946
9947
9948
9949
9950
9951
9952
9953
9954
9955
9956
9957
9958
9959
9960
9961
9962
9963
9964
9965
9966
9967
9968
9969
9970
9971
9972
9973
9974
9975
9976
9977
9978
9979
9980
9981
9982
9983
9984
9985
9986
9987
9988
9989
9990
9991
9992
9993
9994
9995
9996
9997
9998
9999
)


// ************************************************************************* //
