/*--------------------------------*- C++ -*----------------------------------*\
| =========                 |                                                 |
| \\      /  F ield         | OpenFOAM: The Open Source CFD Toolbox           |
|  \\    /   O peration     | Version:  2.2.2                                 |
|   \\  /    A nd           | Web:      www.OpenFOAM.org                      |
|    \\/     M anipulation  |                                                 |
\*---------------------------------------------------------------------------*/
FoamFile
{
    version     2.0;
    format      ascii;
    class       vectorField;
    location    "constant/polyMesh";
    object      points;
}
// * * * * * * * * * * * * * * * * * * * * * * * * * * * * * * * * * * * * * //


110
(
(0 0 0)
(0.002 0 0)
(0.004 0 0)
(0.006 0 0)
(0.008 0 0)
(0.01 0 0)
(0.012 0 0)
(0.014 0 0)
(0.016 0 0)
(0.018 0 0)
(0.02 0 0)
(0 0.00025 0)
(0.002 0.00025 0)
(0.004 0.00025 0)
(0.006 0.00025 0)
(0.008 0.00025 0)
(0.01 0.00025 0)
(0.012 0.00025 0)
(0.014 0.00025 0)
(0.016 0.00025 0)
(0.018 0.00025 0)
(0.02 0.00025 0)
(0 0.0005 0)
(0.002 0.0005 0)
(0.004 0.0005 0)
(0.006 0.0005 0)
(0.008 0.0005 0)
(0.01 0.0005 0)
(0.012 0.0005 0)
(0.014 0.0005 0)
(0.016 0.0005 0)
(0.018 0.0005 0)
(0.02 0.0005 0)
(0 0.00075 0)
(0.002 0.00075 0)
(0.004 0.00075 0)
(0.006 0.00075 0)
(0.008 0.00075 0)
(0.01 0.00075 0)
(0.012 0.00075 0)
(0.014 0.00075 0)
(0.016 0.00075 0)
(0.018 0.00075 0)
(0.02 0.00075 0)
(0 0.001 0)
(0.002 0.001 0)
(0.004 0.001 0)
(0.006 0.001 0)
(0.008 0.001 0)
(0.01 0.001 0)
(0.012 0.001 0)
(0.014 0.001 0)
(0.016 0.001 0)
(0.018 0.001 0)
(0.02 0.001 0)
(0 0 0.1)
(0.002 0 0.1)
(0.004 0 0.1)
(0.006 0 0.1)
(0.008 0 0.1)
(0.01 0 0.1)
(0.012 0 0.1)
(0.014 0 0.1)
(0.016 0 0.1)
(0.018 0 0.1)
(0.02 0 0.1)
(0 0.00025 0.1)
(0.002 0.00025 0.1)
(0.004 0.00025 0.1)
(0.006 0.00025 0.1)
(0.008 0.00025 0.1)
(0.01 0.00025 0.1)
(0.012 0.00025 0.1)
(0.014 0.00025 0.1)
(0.016 0.00025 0.1)
(0.018 0.00025 0.1)
(0.02 0.00025 0.1)
(0 0.0005 0.1)
(0.002 0.0005 0.1)
(0.004 0.0005 0.1)
(0.006 0.0005 0.1)
(0.008 0.0005 0.1)
(0.01 0.0005 0.1)
(0.012 0.0005 0.1)
(0.014 0.0005 0.1)
(0.016 0.0005 0.1)
(0.018 0.0005 0.1)
(0.02 0.0005 0.1)
(0 0.00075 0.1)
(0.002 0.00075 0.1)
(0.004 0.00075 0.1)
(0.006 0.00075 0.1)
(0.008 0.00075 0.1)
(0.01 0.00075 0.1)
(0.012 0.00075 0.1)
(0.014 0.00075 0.1)
(0.016 0.00075 0.1)
(0.018 0.00075 0.1)
(0.02 0.00075 0.1)
(0 0.001 0.1)
(0.002 0.001 0.1)
(0.004 0.001 0.1)
(0.006 0.001 0.1)
(0.008 0.001 0.1)
(0.01 0.001 0.1)
(0.012 0.001 0.1)
(0.014 0.001 0.1)
(0.016 0.001 0.1)
(0.018 0.001 0.1)
(0.02 0.001 0.1)
)


// ************************************************************************* //
